#Insert size (bp)	insert size
2.0	5.0
3.0	5.0
4.0	4.0
5.0	6.0
6.0	6.0
7.0	3.0
8.0	1.0
9.0	3.0
10.0	5.0
13.0	5.0
14.0	2.0
15.0	5.0
16.0	1.0
17.0	1.0
18.0	5.0
19.0	2.0
20.0	1.0
21.0	7.0
22.0	6.0
23.0	4.0
24.0	6.0
25.0	1.0
26.0	4.0
28.0	5.0
29.0	6.0
30.0	5.0
31.0	3.0
32.0	2.0
33.0	5.0
34.0	6.0
35.0	6.0
36.0	4.0
37.0	2.0
38.0	4.0
39.0	6.0
40.0	5.0
41.0	8.0
42.0	5.0
43.0	5.0
44.0	7.0
45.0	6.0
46.0	7.0
47.0	9.0
48.0	7.0
49.0	7.0
50.0	17.0
51.0	14.0
52.0	11.0
53.0	9.0
54.0	15.0
55.0	14.0
56.0	9.0
57.0	11.0
58.0	17.0
59.0	15.0
60.0	10.0
61.0	11.0
62.0	6.0
63.0	17.0
64.0	18.0
65.0	13.0
66.0	17.0
67.0	12.0
68.0	21.0
69.0	21.0
70.0	22.0
71.0	21.0
72.0	17.0
73.0	18.0
74.0	20.0
75.0	21.0
76.0	27.0
77.0	23.0
78.0	34.0
79.0	29.0
80.0	21.0
81.0	27.0
82.0	14.0
83.0	33.0
84.0	29.0
85.0	28.0
86.0	27.0
87.0	41.0
88.0	39.0
89.0	34.0
90.0	51.0
91.0	104.0
92.0	204.0
93.0	557.0
94.0	917.0
95.0	1271.0
96.0	1477.0
97.0	1842.0
98.0	2052.0
99.0	2308.0
100.0	2604.0
101.0	3060.0
102.0	3436.0
103.0	3729.0
104.0	4191.0
105.0	4600.0
106.0	5100.0
107.0	5606.0
108.0	6297.0
109.0	7098.0
110.0	7820.0
111.0	8673.0
112.0	9577.0
113.0	10347.0
114.0	11069.0
115.0	11984.0
116.0	12966.0
117.0	14143.0
118.0	15122.0
119.0	16653.0
120.0	18369.0
121.0	21393.0
122.0	23798.0
123.0	25136.0
124.0	25830.0
125.0	27116.0
126.0	28482.0
127.0	30407.0
128.0	32485.0
129.0	35292.0
130.0	38434.0
131.0	42475.0
132.0	47412.0
133.0	51853.0
134.0	54789.0
135.0	55808.0
136.0	57211.0
137.0	59995.0
138.0	63244.0
139.0	66427.0
140.0	70044.0
141.0	74255.0
142.0	78402.0
143.0	81901.0
144.0	85035.0
145.0	87823.0
146.0	89990.0
147.0	92652.0
148.0	96366.0
149.0	100217.0
150.0	104887.0
151.0	109512.0
152.0	115158.0
153.0	117214.0
154.0	119728.0
155.0	120620.0
156.0	121097.0
157.0	123425.0
158.0	125119.0
159.0	126254.0
160.0	127328.0
161.0	128516.0
162.0	129110.0
163.0	129870.0
164.0	130369.0
165.0	131027.0
166.0	130151.0
167.0	129991.0
168.0	131089.0
169.0	129601.0
170.0	130125.0
171.0	128762.0
172.0	128104.0
173.0	128055.0
174.0	126707.0
175.0	126560.0
176.0	125903.0
177.0	124831.0
178.0	125142.0
179.0	123031.0
180.0	121805.0
181.0	120627.0
182.0	119687.0
183.0	118494.0
184.0	117581.0
185.0	116835.0
186.0	116004.0
187.0	115422.0
188.0	114201.0
189.0	113146.0
190.0	111593.0
191.0	111050.0
192.0	109754.0
193.0	108684.0
194.0	107272.0
195.0	106534.0
196.0	105854.0
197.0	104783.0
198.0	103829.0
199.0	102957.0
200.0	102004.0
201.0	101489.0
202.0	99822.0
203.0	99072.0
204.0	97690.0
205.0	97543.0
206.0	96404.0
207.0	95552.0
208.0	95694.0
209.0	93806.0
210.0	93834.0
211.0	92654.0
212.0	91751.0
213.0	91007.0
214.0	89446.0
215.0	89598.0
216.0	88364.0
217.0	87492.0
218.0	87322.0
219.0	86224.0
220.0	84853.0
221.0	85505.0
222.0	84399.0
223.0	83777.0
224.0	82807.0
225.0	82190.0
226.0	81293.0
227.0	80905.0
228.0	80354.0
229.0	79746.0
230.0	78823.0
231.0	78709.0
232.0	77575.0
233.0	77176.0
234.0	76133.0
235.0	75540.0
236.0	75027.0
237.0	74298.0
238.0	73512.0
239.0	73236.0
240.0	72483.0
241.0	72041.0
242.0	71257.0
243.0	71211.0
244.0	70172.0
245.0	69104.0
246.0	68675.0
247.0	68032.0
248.0	67989.0
249.0	66956.0
250.0	66388.0
251.0	66282.0
252.0	64621.0
253.0	64987.0
254.0	64259.0
255.0	63505.0
256.0	62912.0
257.0	62134.0
258.0	61522.0
259.0	61070.0
260.0	60446.0
261.0	59799.0
262.0	59716.0
263.0	59120.0
264.0	57962.0
265.0	58001.0
266.0	57045.0
267.0	56537.0
268.0	56175.0
269.0	55315.0
270.0	55099.0
271.0	54514.0
272.0	54121.0
273.0	53050.0
274.0	52710.0
275.0	52114.0
276.0	51697.0
277.0	51098.0
278.0	50251.0
279.0	49550.0
280.0	49627.0
281.0	48721.0
282.0	48129.0
283.0	48002.0
284.0	47369.0
285.0	46691.0
286.0	46187.0
287.0	46143.0
288.0	45399.0
289.0	44732.0
290.0	44272.0
291.0	44191.0
292.0	43060.0
293.0	42326.0
294.0	41986.0
295.0	41525.0
296.0	41045.0
297.0	41490.0
298.0	40100.0
299.0	39385.0
300.0	39408.0
301.0	38618.0
302.0	38180.0
303.0	37723.0
304.0	37168.0
305.0	37166.0
306.0	36528.0
307.0	36045.0
308.0	36022.0
309.0	35078.0
310.0	34531.0
311.0	34162.0
312.0	33491.0
313.0	33418.0
314.0	32478.0
315.0	32559.0
316.0	31862.0
317.0	31558.0
318.0	31167.0
319.0	30465.0
320.0	30139.0
321.0	29773.0
322.0	29534.0
323.0	28762.0
324.0	28480.0
325.0	28062.0
326.0	27563.0
327.0	27314.0
328.0	26664.0
329.0	26258.0
330.0	26041.0
331.0	25726.0
332.0	25412.0
333.0	24889.0
334.0	24542.0
335.0	24210.0
336.0	23636.0
337.0	23271.0
338.0	23012.0
339.0	22542.0
340.0	22025.0
341.0	22114.0
342.0	21696.0
343.0	21345.0
344.0	21039.0
345.0	20304.0
346.0	20220.0
347.0	20403.0
348.0	19456.0
349.0	19548.0
350.0	19223.0
351.0	18649.0
352.0	18290.0
353.0	18302.0
354.0	17851.0
355.0	17351.0
356.0	17005.0
357.0	16903.0
358.0	16828.0
359.0	16178.0
360.0	16155.0
361.0	16015.0
362.0	15593.0
363.0	15282.0
364.0	14895.0
365.0	14734.0
366.0	14459.0
367.0	14332.0
368.0	14016.0
369.0	13729.0
370.0	13480.0
371.0	13203.0
372.0	13036.0
373.0	12684.0
374.0	12506.0
375.0	12276.0
376.0	12241.0
377.0	11875.0
378.0	11695.0
379.0	11607.0
380.0	11303.0
381.0	11169.0
382.0	10850.0
383.0	10784.0
384.0	10616.0
385.0	10384.0
386.0	10159.0
387.0	9982.0
388.0	9736.0
389.0	9660.0
390.0	9435.0
391.0	9361.0
392.0	9300.0
393.0	8976.0
394.0	8908.0
395.0	8687.0
396.0	8519.0
397.0	8556.0
398.0	8497.0
399.0	8173.0
400.0	8078.0
401.0	7945.0
402.0	7840.0
403.0	7637.0
404.0	7459.0
405.0	7451.0
406.0	7250.0
407.0	7247.0
408.0	7224.0
409.0	7104.0
410.0	6872.0
411.0	6796.0
412.0	6744.0
413.0	6758.0
414.0	6649.0
415.0	6581.0
416.0	6330.0
417.0	6168.0
418.0	6287.0
419.0	6120.0
420.0	6045.0
421.0	5906.0
422.0	5961.0
423.0	5799.0
424.0	5754.0
425.0	5552.0
426.0	5480.0
427.0	5437.0
428.0	5475.0
429.0	5293.0
430.0	5172.0
431.0	5142.0
432.0	5041.0
433.0	4895.0
434.0	4960.0
435.0	4873.0
436.0	4833.0
437.0	4609.0
438.0	4715.0
439.0	4594.0
440.0	4504.0
441.0	4415.0
442.0	4395.0
443.0	4298.0
444.0	4268.0
445.0	4136.0
446.0	4200.0
447.0	4031.0
448.0	4037.0
449.0	4045.0
450.0	3887.0
451.0	3866.0
452.0	3756.0
453.0	3690.0
454.0	3663.0
455.0	3623.0
456.0	3584.0
457.0	3498.0
458.0	3560.0
459.0	3449.0
460.0	3381.0
461.0	3419.0
462.0	3461.0
463.0	3272.0
464.0	3240.0
465.0	3227.0
466.0	3049.0
467.0	3045.0
468.0	3050.0
469.0	3130.0
470.0	2966.0
471.0	2906.0
472.0	2932.0
473.0	2902.0
474.0	2725.0
475.0	2684.0
476.0	2745.0
477.0	2579.0
478.0	2571.0
479.0	2539.0
480.0	2628.0
481.0	2495.0
482.0	2516.0
483.0	2509.0
484.0	2409.0
485.0	2402.0
486.0	2368.0
487.0	2294.0
488.0	2306.0
489.0	2249.0
490.0	2271.0
491.0	2104.0
492.0	2236.0
493.0	2164.0
494.0	2100.0
495.0	2078.0
496.0	2030.0
497.0	2049.0
498.0	1954.0
499.0	1834.0
500.0	1881.0
501.0	1883.0
502.0	1855.0
503.0	1852.0
504.0	1849.0
505.0	1764.0
506.0	1790.0
507.0	1755.0
508.0	1739.0
509.0	1689.0
510.0	1724.0
511.0	1652.0
512.0	1652.0
513.0	1667.0
514.0	1604.0
515.0	1571.0
516.0	1554.0
517.0	1584.0
518.0	1479.0
519.0	1532.0
520.0	1482.0
521.0	1356.0
522.0	1461.0
523.0	1394.0
524.0	1317.0
525.0	1391.0
526.0	1325.0
527.0	1321.0
528.0	1318.0
529.0	1267.0
530.0	1246.0
