#Coverage	Number of genomic locations
0.0	3.206329571E9
1.0	4102659.0
2.0	3336824.0
3.0	3012075.0
4.0	2770825.0
5.0	2601230.0
6.0	2437131.0
7.0	2312836.0
8.0	2202853.0
9.0	2105086.0
10.0	2022396.0
11.0	1938779.0
12.0	1860043.0
13.0	1785447.0
14.0	1720188.0
15.0	1659883.0
16.0	1609191.0
17.0	1562422.0
18.0	1508212.0
19.0	1459475.0
20.0	1415830.0
21.0	1367623.0
22.0	1324082.0
23.0	1282300.0
24.0	1243218.0
25.0	1205002.0
26.0	1167526.0
27.0	1133433.0
28.0	1097971.0
29.0	1064439.0
30.0	1034370.0
31.0	1001864.0
32.0	970716.0
33.0	944352.0
34.0	916618.0
35.0	891706.0
36.0	864247.0
37.0	835924.0
38.0	810611.0
39.0	786155.0
40.0	763305.0
41.0	742593.0
42.0	721433.0
43.0	700757.0
44.0	679942.0
45.0	658391.0
46.0	638689.0
47.0	617579.0
48.0	603115.0
49.0	585730.0
50.0	569337.0
51.0	552603.0
52.0	536008.0
53.0	522604.0
54.0	507720.0
55.0	495238.0
56.0	478286.0
57.0	465617.0
58.0	452541.0
59.0	438810.0
60.0	424865.0
61.0	414511.0
62.0	403726.0
63.0	392650.0
64.0	382437.0
65.0	371042.0
66.0	361178.0
67.0	352771.0
68.0	343046.0
69.0	335356.0
70.0	327701.0
71.0	318775.0
72.0	310032.0
73.0	303393.0
74.0	295561.0
75.0	287151.0
76.0	278157.0
77.0	270031.0
78.0	264147.0
79.0	257591.0
80.0	250455.0
81.0	243908.0
82.0	237055.0
83.0	231580.0
84.0	226308.0
85.0	221271.0
86.0	215525.0
87.0	210439.0
88.0	205287.0
89.0	200147.0
90.0	194141.0
91.0	188735.0
92.0	184041.0
93.0	180019.0
94.0	174609.0
95.0	170916.0
96.0	166702.0
97.0	163414.0
98.0	158946.0
99.0	154574.0
100.0	151667.0
101.0	148228.0
102.0	144357.0
103.0	141386.0
104.0	137995.0
105.0	134547.0
106.0	132301.0
107.0	128951.0
108.0	126810.0
109.0	123555.0
110.0	120194.0
111.0	118241.0
112.0	114899.0
113.0	111541.0
114.0	109652.0
115.0	106829.0
116.0	104189.0
117.0	101635.0
118.0	99989.0
119.0	97189.0
120.0	94269.0
121.0	93106.0
122.0	90743.0
123.0	89015.0
124.0	87740.0
125.0	85359.0
126.0	83836.0
127.0	82443.0
128.0	80595.0
129.0	78348.0
130.0	76913.0
131.0	75070.0
132.0	73008.0
133.0	71732.0
134.0	69974.0
135.0	68362.0
136.0	66813.0
137.0	65789.0
138.0	64225.0
139.0	62401.0
140.0	61499.0
141.0	60137.0
142.0	59017.0
143.0	57297.0
144.0	56259.0
145.0	55119.0
146.0	53541.0
147.0	52586.0
148.0	51549.0
149.0	50531.0
150.0	49284.0
151.0	48495.0
152.0	47271.0
153.0	45840.0
154.0	44213.0
155.0	43976.0
156.0	43013.0
157.0	41715.0
158.0	41102.0
159.0	40389.0
160.0	39026.0
161.0	37928.0
162.0	37399.0
163.0	37086.0
164.0	36330.0
165.0	35439.0
166.0	34883.0
167.0	34021.0
168.0	33286.0
169.0	32315.0
170.0	32098.0
171.0	30815.0
172.0	30708.0
173.0	29771.0
174.0	29062.0
175.0	28322.0
176.0	27838.0
177.0	27719.0
178.0	26733.0
179.0	26643.0
180.0	26133.0
181.0	25737.0
182.0	24950.0
183.0	24479.0
184.0	24147.0
185.0	23871.0
186.0	23291.0
187.0	22678.0
188.0	22381.0
189.0	22246.0
190.0	21697.0
191.0	21195.0
192.0	20654.0
193.0	20293.0
194.0	19610.0
195.0	19418.0
196.0	19408.0
197.0	18881.0
198.0	18507.0
199.0	18399.0
200.0	17960.0
201.0	17536.0
202.0	17027.0
203.0	16852.0
204.0	16375.0
205.0	15826.0
206.0	15718.0
207.0	15384.0
208.0	15112.0
209.0	14859.0
210.0	14460.0
211.0	14237.0
212.0	13941.0
213.0	13478.0
214.0	13451.0
215.0	13262.0
216.0	13173.0
217.0	12783.0
218.0	12492.0
219.0	12301.0
220.0	12026.0
221.0	11798.0
222.0	11672.0
223.0	11460.0
224.0	11105.0
225.0	11190.0
226.0	10899.0
227.0	10780.0
228.0	10484.0
229.0	10253.0
230.0	10212.0
231.0	9977.0
232.0	9924.0
233.0	9593.0
234.0	9383.0
235.0	8997.0
236.0	8994.0
237.0	8872.0
238.0	8511.0
239.0	8664.0
240.0	8487.0
241.0	8129.0
242.0	8250.0
243.0	7994.0
244.0	7778.0
245.0	7584.0
246.0	7469.0
247.0	7337.0
248.0	7218.0
249.0	7022.0
250.0	6923.0
251.0	6848.0
252.0	6810.0
253.0	6587.0
254.0	6490.0
255.0	6297.0
256.0	6339.0
257.0	6207.0
258.0	5898.0
259.0	5848.0
260.0	5712.0
261.0	5612.0
262.0	5377.0
263.0	5575.0
264.0	5251.0
265.0	5206.0
266.0	5107.0
267.0	5050.0
268.0	4729.0
269.0	4776.0
270.0	4739.0
271.0	4820.0
272.0	4657.0
273.0	4685.0
274.0	4477.0
275.0	4326.0
276.0	4416.0
277.0	4218.0
278.0	4083.0
279.0	4063.0
280.0	4010.0
281.0	3852.0
282.0	3810.0
283.0	3771.0
284.0	3737.0
285.0	3824.0
286.0	3657.0
287.0	3733.0
288.0	3585.0
289.0	3469.0
290.0	3361.0
291.0	3376.0
292.0	3326.0
293.0	3206.0
294.0	3273.0
295.0	3098.0
296.0	3174.0
297.0	3043.0
298.0	3082.0
299.0	2977.0
300.0	2887.0
301.0	2906.0
302.0	2753.0
303.0	2712.0
304.0	2752.0
305.0	2716.0
306.0	2696.0
307.0	2538.0
308.0	2607.0
309.0	2558.0
310.0	2485.0
311.0	2521.0
312.0	2350.0
313.0	2361.0
314.0	2330.0
315.0	2224.0
316.0	2209.0
317.0	2261.0
318.0	2176.0
319.0	2176.0
320.0	2141.0
321.0	2232.0
322.0	2105.0
323.0	2057.0
324.0	1909.0
325.0	2043.0
326.0	1971.0
327.0	1932.0
328.0	1929.0
329.0	1856.0
330.0	1760.0
331.0	1800.0
332.0	1650.0
333.0	1676.0
334.0	1749.0
335.0	1737.0
336.0	1592.0
337.0	1706.0
338.0	1624.0
339.0	1540.0
340.0	1528.0
341.0	1542.0
342.0	1493.0
343.0	1433.0
344.0	1498.0
345.0	1451.0
346.0	1446.0
347.0	1388.0
348.0	1398.0
349.0	1389.0
350.0	1367.0
351.0	1232.0
352.0	1270.0
353.0	1219.0
354.0	1272.0
355.0	1278.0
356.0	1234.0
357.0	1274.0
358.0	1279.0
359.0	1214.0
360.0	1220.0
361.0	1236.0
362.0	1141.0
363.0	1104.0
364.0	1116.0
365.0	1087.0
366.0	1120.0
367.0	1081.0
368.0	1006.0
369.0	1052.0
370.0	1030.0
371.0	1038.0
372.0	957.0
373.0	933.0
374.0	945.0
375.0	950.0
376.0	925.0
377.0	932.0
378.0	883.0
379.0	858.0
380.0	878.0
381.0	888.0
382.0	778.0
383.0	818.0
384.0	898.0
385.0	757.0
386.0	776.0
387.0	777.0
388.0	748.0
389.0	773.0
390.0	751.0
391.0	734.0
392.0	709.0
393.0	737.0
394.0	698.0
395.0	679.0
396.0	678.0
397.0	645.0
398.0	630.0
399.0	602.0
400.0	636.0
401.0	652.0
402.0	626.0
403.0	634.0
404.0	615.0
405.0	579.0
406.0	609.0
407.0	603.0
408.0	571.0
409.0	579.0
410.0	567.0
411.0	536.0
412.0	543.0
413.0	626.0
414.0	568.0
415.0	594.0
416.0	549.0
417.0	552.0
418.0	518.0
419.0	493.0
420.0	483.0
421.0	510.0
422.0	514.0
423.0	484.0
424.0	480.0
425.0	450.0
426.0	508.0
427.0	480.0
428.0	466.0
429.0	439.0
430.0	437.0
431.0	450.0
432.0	418.0
433.0	422.0
434.0	426.0
435.0	422.0
436.0	446.0
437.0	408.0
438.0	394.0
439.0	384.0
440.0	395.0
441.0	429.0
442.0	417.0
443.0	355.0
444.0	400.0
445.0	383.0
446.0	363.0
447.0	375.0
448.0	342.0
449.0	367.0
450.0	312.0
451.0	346.0
452.0	320.0
453.0	347.0
454.0	365.0
455.0	316.0
456.0	324.0
457.0	342.0
458.0	301.0
459.0	307.0
460.0	291.0
461.0	269.0
462.0	286.0
463.0	256.0
464.0	245.0
465.0	237.0
466.0	261.0
467.0	252.0
468.0	275.0
469.0	266.0
470.0	223.0
471.0	275.0
472.0	239.0
473.0	223.0
474.0	224.0
475.0	256.0
476.0	233.0
477.0	239.0
478.0	226.0
479.0	223.0
480.0	195.0
481.0	190.0
482.0	219.0
483.0	214.0
484.0	238.0
485.0	222.0
486.0	247.0
487.0	219.0
488.0	170.0
489.0	180.0
490.0	186.0
491.0	186.0
492.0	176.0
493.0	170.0
494.0	161.0
495.0	159.0
496.0	151.0
497.0	146.0
498.0	167.0
499.0	159.0
500.0	170.0
501.0	157.0
502.0	148.0
503.0	163.0
504.0	136.0
505.0	149.0
506.0	135.0
507.0	139.0
508.0	126.0
509.0	132.0
510.0	136.0
511.0	131.0
512.0	111.0
513.0	111.0
514.0	110.0
515.0	108.0
516.0	126.0
517.0	136.0
518.0	142.0
519.0	108.0
520.0	135.0
521.0	117.0
522.0	99.0
523.0	122.0
524.0	108.0
525.0	99.0
526.0	119.0
527.0	106.0
528.0	103.0
529.0	99.0
530.0	109.0
531.0	111.0
532.0	106.0
533.0	103.0
534.0	93.0
535.0	90.0
536.0	124.0
537.0	94.0
538.0	100.0
539.0	94.0
540.0	105.0
541.0	115.0
542.0	94.0
543.0	84.0
544.0	90.0
545.0	90.0
546.0	77.0
547.0	83.0
548.0	80.0
549.0	87.0
550.0	65.0
551.0	94.0
552.0	100.0
553.0	75.0
554.0	100.0
555.0	88.0
556.0	100.0
557.0	87.0
558.0	89.0
559.0	98.0
560.0	97.0
561.0	101.0
562.0	93.0
563.0	67.0
564.0	78.0
565.0	57.0
566.0	69.0
567.0	71.0
568.0	75.0
569.0	76.0
570.0	73.0
571.0	79.0
572.0	74.0
573.0	66.0
574.0	65.0
575.0	74.0
576.0	66.0
577.0	86.0
578.0	81.0
579.0	89.0
580.0	63.0
581.0	75.0
582.0	61.0
583.0	85.0
584.0	67.0
585.0	54.0
586.0	57.0
587.0	67.0
588.0	67.0
589.0	60.0
590.0	81.0
591.0	73.0
592.0	54.0
593.0	60.0
594.0	59.0
595.0	65.0
596.0	49.0
597.0	62.0
598.0	67.0
599.0	67.0
600.0	59.0
601.0	68.0
602.0	56.0
603.0	61.0
604.0	70.0
605.0	57.0
606.0	67.0
607.0	59.0
608.0	64.0
609.0	59.0
610.0	47.0
611.0	39.0
612.0	58.0
613.0	35.0
614.0	48.0
615.0	42.0
616.0	36.0
617.0	52.0
618.0	48.0
619.0	38.0
620.0	49.0
621.0	44.0
622.0	53.0
623.0	33.0
624.0	44.0
625.0	57.0
626.0	46.0
627.0	58.0
628.0	49.0
629.0	51.0
630.0	46.0
631.0	43.0
632.0	39.0
633.0	37.0
634.0	44.0
635.0	31.0
636.0	41.0
637.0	46.0
638.0	47.0
639.0	40.0
640.0	35.0
641.0	35.0
642.0	26.0
643.0	34.0
644.0	32.0
645.0	33.0
646.0	35.0
647.0	37.0
648.0	30.0
649.0	26.0
650.0	33.0
651.0	32.0
652.0	32.0
653.0	29.0
654.0	29.0
655.0	36.0
656.0	33.0
657.0	30.0
658.0	29.0
659.0	41.0
660.0	23.0
661.0	38.0
662.0	25.0
663.0	38.0
664.0	26.0
665.0	36.0
666.0	25.0
667.0	20.0
668.0	24.0
669.0	33.0
670.0	27.0
671.0	35.0
672.0	19.0
673.0	29.0
674.0	20.0
675.0	25.0
676.0	23.0
677.0	18.0
678.0	19.0
679.0	16.0
680.0	15.0
681.0	10.0
682.0	10.0
683.0	19.0
684.0	17.0
685.0	21.0
686.0	18.0
687.0	14.0
688.0	28.0
689.0	13.0
690.0	20.0
691.0	6.0
692.0	17.0
693.0	16.0
694.0	12.0
695.0	16.0
696.0	16.0
697.0	15.0
698.0	10.0
699.0	12.0
700.0	16.0
701.0	9.0
702.0	11.0
703.0	14.0
704.0	14.0
705.0	16.0
706.0	19.0
707.0	16.0
708.0	16.0
709.0	18.0
710.0	14.0
711.0	13.0
712.0	8.0
713.0	13.0
714.0	14.0
715.0	10.0
716.0	14.0
717.0	22.0
718.0	15.0
719.0	11.0
720.0	9.0
721.0	15.0
722.0	11.0
723.0	13.0
724.0	14.0
725.0	11.0
726.0	11.0
727.0	14.0
728.0	11.0
729.0	9.0
730.0	16.0
731.0	12.0
732.0	8.0
733.0	6.0
734.0	12.0
735.0	10.0
736.0	7.0
737.0	9.0
738.0	11.0
739.0	9.0
740.0	9.0
741.0	16.0
742.0	9.0
743.0	14.0
744.0	7.0
745.0	9.0
746.0	18.0
747.0	8.0
748.0	17.0
749.0	9.0
750.0	8.0
751.0	8.0
752.0	7.0
753.0	9.0
754.0	11.0
755.0	13.0
756.0	10.0
757.0	14.0
758.0	9.0
759.0	7.0
760.0	14.0
761.0	12.0
762.0	17.0
763.0	15.0
764.0	8.0
765.0	16.0
766.0	11.0
767.0	9.0
768.0	10.0
769.0	6.0
770.0	7.0
771.0	8.0
772.0	8.0
773.0	10.0
774.0	7.0
775.0	10.0
776.0	9.0
777.0	7.0
778.0	7.0
779.0	7.0
780.0	9.0
781.0	11.0
782.0	11.0
783.0	16.0
784.0	7.0
785.0	9.0
786.0	13.0
787.0	7.0
788.0	9.0
789.0	5.0
790.0	5.0
791.0	12.0
792.0	2.0
793.0	6.0
794.0	7.0
795.0	10.0
796.0	3.0
797.0	5.0
798.0	6.0
799.0	8.0
800.0	7.0
801.0	11.0
802.0	7.0
803.0	6.0
804.0	9.0
805.0	4.0
806.0	5.0
807.0	2.0
808.0	9.0
809.0	7.0
810.0	3.0
811.0	6.0
812.0	7.0
813.0	10.0
814.0	9.0
815.0	8.0
816.0	8.0
817.0	11.0
818.0	11.0
819.0	6.0
820.0	6.0
821.0	6.0
822.0	7.0
823.0	6.0
824.0	9.0
825.0	6.0
826.0	7.0
827.0	3.0
828.0	9.0
829.0	7.0
830.0	5.0
831.0	11.0
832.0	5.0
833.0	11.0
834.0	8.0
835.0	6.0
836.0	5.0
837.0	3.0
838.0	1.0
839.0	2.0
840.0	6.0
841.0	7.0
842.0	3.0
843.0	5.0
844.0	7.0
845.0	4.0
846.0	8.0
847.0	7.0
848.0	6.0
849.0	8.0
850.0	8.0
851.0	5.0
852.0	9.0
853.0	6.0
854.0	5.0
855.0	1.0
856.0	3.0
857.0	4.0
858.0	1.0
859.0	5.0
861.0	3.0
862.0	1.0
863.0	4.0
864.0	4.0
865.0	7.0
866.0	4.0
867.0	5.0
868.0	4.0
869.0	7.0
870.0	1.0
871.0	3.0
872.0	2.0
873.0	1.0
874.0	3.0
875.0	3.0
876.0	3.0
877.0	3.0
878.0	7.0
879.0	3.0
880.0	2.0
881.0	1.0
882.0	2.0
883.0	1.0
884.0	4.0
885.0	3.0
886.0	4.0
887.0	2.0
888.0	1.0
889.0	4.0
890.0	3.0
891.0	2.0
892.0	2.0
893.0	1.0
894.0	2.0
895.0	1.0
896.0	1.0
897.0	2.0
898.0	3.0
899.0	2.0
901.0	3.0
902.0	1.0
903.0	4.0
904.0	4.0
905.0	2.0
907.0	1.0
908.0	3.0
909.0	4.0
910.0	5.0
911.0	4.0
912.0	3.0
914.0	1.0
915.0	6.0
916.0	4.0
917.0	8.0
918.0	3.0
919.0	2.0
920.0	5.0
921.0	3.0
922.0	5.0
923.0	2.0
924.0	1.0
925.0	3.0
926.0	4.0
927.0	7.0
928.0	6.0
929.0	2.0
930.0	1.0
931.0	6.0
932.0	4.0
933.0	3.0
934.0	3.0
935.0	8.0
936.0	2.0
938.0	5.0
939.0	3.0
940.0	3.0
941.0	2.0
942.0	1.0
943.0	1.0
944.0	3.0
945.0	1.0
946.0	1.0
947.0	1.0
948.0	1.0
953.0	1.0
954.0	1.0
956.0	1.0
958.0	2.0
960.0	1.0
961.0	1.0
962.0	1.0
967.0	3.0
968.0	2.0
970.0	1.0
974.0	1.0
977.0	1.0
978.0	1.0
979.0	1.0
982.0	1.0
983.0	1.0
984.0	1.0
986.0	1.0
987.0	2.0
991.0	3.0
995.0	2.0
996.0	2.0
997.0	2.0
998.0	1.0
999.0	1.0
1000.0	1.0
1001.0	3.0
1005.0	1.0
1007.0	1.0
1009.0	3.0
1010.0	1.0
1012.0	1.0
1013.0	1.0
1015.0	2.0
1016.0	1.0
1019.0	2.0
1020.0	1.0
1021.0	1.0
1023.0	1.0
1025.0	1.0
1026.0	1.0
1027.0	1.0
1028.0	1.0
1029.0	2.0
1031.0	2.0
1032.0	3.0
1033.0	1.0
1034.0	1.0
1035.0	1.0
1036.0	1.0
1039.0	3.0
1040.0	1.0
1041.0	1.0
1042.0	1.0
1046.0	1.0
1047.0	1.0
1048.0	2.0
1049.0	1.0
1051.0	1.0
1054.0	2.0
1055.0	5.0
1056.0	2.0
1058.0	2.0
1059.0	2.0
1060.0	2.0
1061.0	1.0
1062.0	1.0
1063.0	2.0
1065.0	2.0
1066.0	3.0
1067.0	1.0
1068.0	2.0
1069.0	1.0
1070.0	3.0
1072.0	2.0
1073.0	1.0
1074.0	2.0
1075.0	2.0
1076.0	2.0
1077.0	3.0
1079.0	1.0
1080.0	1.0
1083.0	2.0
1085.0	2.0
1086.0	1.0
1087.0	2.0
1088.0	1.0
1089.0	1.0
1090.0	2.0
1092.0	2.0
1094.0	1.0
1096.0	3.0
1097.0	1.0
1098.0	1.0
1099.0	1.0
1100.0	1.0
1101.0	2.0
1107.0	2.0
1108.0	3.0
1109.0	1.0
1111.0	1.0
1112.0	1.0
1113.0	1.0
1114.0	1.0
1115.0	2.0
1116.0	3.0
1117.0	2.0
1119.0	1.0
1121.0	1.0
1122.0	1.0
1123.0	3.0
1124.0	3.0
1125.0	2.0
1126.0	1.0
1127.0	3.0
1128.0	2.0
1129.0	4.0
1130.0	1.0
1131.0	4.0
1132.0	1.0
1133.0	6.0
1134.0	5.0
1135.0	5.0
1136.0	2.0
1138.0	3.0
1139.0	3.0
1141.0	3.0
1142.0	2.0
1143.0	1.0
1144.0	3.0
1145.0	4.0
1146.0	2.0
1147.0	1.0
1148.0	1.0
1150.0	1.0
1151.0	1.0
1152.0	1.0
1154.0	2.0
1155.0	2.0
1156.0	2.0
1157.0	1.0
1161.0	1.0
1162.0	1.0
1165.0	3.0
1171.0	1.0
1172.0	2.0
1173.0	2.0
1181.0	2.0
1182.0	1.0
1184.0	1.0
1185.0	2.0
1190.0	1.0
1191.0	1.0
1192.0	2.0
1194.0	1.0
1197.0	1.0
1198.0	1.0
1200.0	1.0
1205.0	1.0
1206.0	1.0
1208.0	3.0
1209.0	1.0
1211.0	1.0
1214.0	1.0
1218.0	2.0
1220.0	3.0
1221.0	1.0
1222.0	1.0
1223.0	1.0
1228.0	3.0
1229.0	1.0
1230.0	1.0
1234.0	2.0
1236.0	1.0
1239.0	4.0
1241.0	1.0
1242.0	1.0
1243.0	3.0
1244.0	1.0
1245.0	1.0
1246.0	1.0
1247.0	1.0
1248.0	3.0
1249.0	1.0
1250.0	2.0
1252.0	1.0
1254.0	3.0
1256.0	3.0
1259.0	2.0
1260.0	1.0
1261.0	4.0
1262.0	2.0
1263.0	1.0
1265.0	3.0
1266.0	1.0
1267.0	3.0
1268.0	1.0
1269.0	4.0
1271.0	1.0
1272.0	2.0
1273.0	1.0
1274.0	2.0
1275.0	2.0
1276.0	3.0
1277.0	1.0
1278.0	4.0
1279.0	1.0
1280.0	4.0
1281.0	1.0
1282.0	1.0
1283.0	2.0
1284.0	4.0
1287.0	1.0
1288.0	3.0
1289.0	1.0
1290.0	2.0
1294.0	2.0
1297.0	1.0
1304.0	1.0
1305.0	1.0
1306.0	1.0
1307.0	1.0
1312.0	2.0
1313.0	1.0
1314.0	1.0
1315.0	2.0
1316.0	1.0
1317.0	2.0
1318.0	1.0
1320.0	1.0
1322.0	1.0
1326.0	3.0
1328.0	1.0
1329.0	2.0
1330.0	1.0
1333.0	1.0
1335.0	1.0
1336.0	1.0
1341.0	1.0
1352.0	1.0
1355.0	2.0
1357.0	1.0
1366.0	1.0
1368.0	1.0
1370.0	1.0
1371.0	1.0
1378.0	1.0
1379.0	1.0
1380.0	1.0
1381.0	1.0
1382.0	3.0
1384.0	1.0
1385.0	1.0
1387.0	1.0
1388.0	1.0
