#Position (bp)	Coverage	Std
4124013.5	1.5747546140130984	10.363080580066217
1.23720395E7	2.026658257381827	12.825942372942126
2.06200655E7	1.806952960623548	11.388543582506237
2.88680915E7	2.194953677401114	13.736574492173935
3.71161175E7	2.2943237569813673	14.371934964573276
4.53641435E7	2.303511894846112	14.33854682805727
5.36121695E7	1.4090251412883519	10.459810402527808
6.18601955E7	0.8785220851631651	8.112983904846613
7.01082215E7	0.6797736816057564	7.369375240843142
7.83562475E7	0.8612794140076668	9.851067955935006
8.66042735E7	1.1261459408590613	10.45718492893265
9.48522995E7	1.021832496648289	9.062309088516587
1.031003255E8	0.608915151334392	6.779771261887193
1.113483515E8	2.202486873828962	13.64664689612825
1.195963775E8	0.8265728066327628	8.128803787567055
1.278444035E8	8.971843687204671E-6	0.002995303605180061
1.360924295E8	0.0	0.0
1.443404555E8	0.7224009720628912	9.881245304927942
1.525884815E8	5.259045255191969	26.99407342209686
1.608365075E8	3.1043730948471793	20.10756256035498
1.690845335E8	1.7974951824836634	14.777258581165524
1.773325595E8	1.2450581508836174	10.185240170730836
1.855805855E8	1.2644378182125031	10.298857884422473
1.938286115E8	0.5778829989139219	7.1368151964634166
2.020766375E8	1.974297850176515	13.37840567550485
2.103246635E8	1.0201140248587965	8.121894100876725
2.185726895E8	0.634316380670963	6.128172109399456
2.268207155E8	1.1866137424882026	8.422844895337574
2.350687415E8	1.0101843762374172	8.03132921893869
2.433167675E8	0.57047613574448	6.026404746104349
2.481986015E8	1.6468592187337114	12.223877254363568
2.523226145E8	0.8926742740758697	8.123140562417095
2.598128195E8	0.6809486294053875	7.081644796908459
2.680608455E8	0.7971123029922553	7.187102951411066
2.763088715E8	0.9289533034934662	8.95428676646303
2.845568975E8	0.5934350837400367	7.1913122615422305
2.928049235E8	0.4920298505363586	6.7991881062987005
3.010529495E8	0.7526077148641384	9.733703898799405
3.093009755E8	1.0291508537921679	12.314964789616058
3.175490015E8	1.2988209542501443	10.133981921279917
3.257970275E8	1.105956625257971	10.082595489176986
3.340450535E8	0.6532126596109178	7.727804527553256
3.422930795E8	1.918614344814141	12.794343889509555
3.505411055E8	2.305845059169309	13.930166005503192
3.587891315E8	0.6976670539108388	7.4871299655232475
3.670371575E8	1.209682777430624	10.267059472779746
3.752851835E8	1.1723982198892196	11.231155136798682
3.810815205E8	1.2089325991853253	9.036875545118942
3.852055335E8	2.248340633742697	13.163373219249488
3.917812355E8	2.9287340995287843	18.117246607145418
4.000292615E8	1.352206212735023	10.395208209253191
4.082772875E8	0.4021482231021095	5.863719653608441
4.165253135E8	1.1550227896953769	11.387644640394388
4.247733395E8	0.45544643045499617	5.934599720911207
4.330213655E8	1.1175015694664396	10.386075284551573
4.412693915E8	2.2486862917260444	14.501737793409797
4.495174175E8	2.8651219091695395	13.113184082039622
4.577654435E8	1.326172589659635	9.018361385006449
4.660134695E8	0.5155271091531477	6.3830930130760795
4.742614955E8	0.8432774096492907	8.618585110191786
4.825095215E8	0.8657532117381783	9.660879115047225
4.907575475E8	1.2208653318988083	10.334722438442427
4.990055735E8	2.068604778888912	13.91733239105699
5.072535995E8	1.5861233948583575	12.93144640170841
5.146090395E8	0.8057706394110095	7.632592591311938
5.178906245E8	0.9383248933370549	5.25169271062267
5.187832105E8	2.0468188379303633	14.521319681068471
5.237496515E8	2.346088021546004	14.506757332132441
5.319976775E8	0.9663737723426187	9.626785935620855
5.402457035E8	0.7456773293391655	7.1269574060844185
5.484937295E8	1.1383720177409722	10.731965724791605
5.567417555E8	0.6877766874158738	7.512163106481251
5.649897815E8	2.4415788699017194	15.695770185341395
5.732378075E8	4.401672109181034	21.794540319730107
5.814858335E8	0.6712755270170099	7.340381572874626
5.897338595E8	0.8813077213869113	8.913111231597247
5.979818855E8	0.6647909451303864	6.596347623905671
6.062299115E8	0.5622574419624768	7.692403696125065
6.144779375E8	1.1302845068626117	9.653716636702665
6.227259635E8	1.4231711927193247	10.4512350129452
6.309739895E8	1.5953880358767056	10.596780974617376
6.392220155E8	2.094013161452207	12.445927842303671
6.4728106E8	0.8712071301081071	8.050132661726936
6.51405073E8	0.0	0.0
6.557180675E8	0.0	0.0
6.639660935E8	0.0	0.0
6.722141195E8	0.6999776673836867	7.139805941342198
6.804621455E8	1.0315650071908116	8.34430240346036
6.887101715E8	0.6732647302518202	6.437602018527051
6.969581975E8	0.9241841623680623	8.5474043604349
7.052062235E8	0.44516142407892506	5.758852616076348
7.134542495E8	0.08438285718303992	2.3323778615156616
7.217022755E8	0.16881724184671582	3.3295603078251523
7.299503015E8	0.45144171465996835	5.386429760356667
7.381983275E8	0.08791909724823854	2.957095287923866
7.464463535E8	0.5457584639039693	5.839390694727677
7.546943795E8	0.7019346204776755	8.52087372700659
7.62199406E8	0.7994224217087569	7.064727312040187
7.66323419E8	0.0	0.0
7.711904315E8	0.0	0.0
7.794384575E8	0.0	0.0
7.876864835E8	2.6357347806614575	15.366536533328516
7.959345095E8	0.5471480085053079	6.589711756884231
8.041825355E8	0.5370286175140573	6.226108643958023
8.124305615E8	0.71979622760646	7.032169156010058
8.206785875E8	0.7992501478535592	6.917369774346233
8.289266135E8	0.961418283599009	7.7950114940811845
8.371746395E8	1.2967674932159525	9.17281932518335
8.454226655E8	0.6169244616833167	7.165955342075465
8.536706915E8	0.8338998931380672	8.537215194958108
8.619187175E8	0.9644968383950293	8.123037108437627
8.69333434E8	1.7144405444003084	11.118777386230445
8.72724992E8	0.0	0.0
8.72931433E8	2.746563244354155E-4	0.016572758504105934
8.731340445E8	0.0	0.0
8.73326804E8	0.012477215632817845	0.3496868476561235
8.73441596E8	0.0	0.0
8.73480431E8	0.0	0.0
8.735866135E8	0.0	0.0
8.73694888E8	0.9869452891012598	9.784217074967765
8.74003757E8	0.0	0.0
8.784147695E8	0.0	0.0
8.866627955E8	0.0	0.0
8.949108215E8	0.2536912468510647	5.597854461431645
9.031588475E8	0.36091411448024047	4.791855852995711
9.114068735E8	1.713687129502259	11.780777048824167
9.196548995E8	2.698213730170104	15.348148357805321
9.279029255E8	1.4297450080782965	11.09890549656114
9.361509515E8	1.8448158383593845	12.550966529609525
9.443989775E8	1.3385827105782644	10.532184053349498
9.526470035E8	1.4317967717366555	10.517269642135764
9.608950295E8	1.4638485620680632	10.684334252550697
9.691430555E8	0.3921522555821235	5.495523382958353
9.744875075E8	1.4553128013772094	11.61055406396217
9.759320705E8	0.0255572807909907	0.5093799888946632
9.788356445E8	3.8162667711657243	17.10136422246544
9.856391075E8	0.6518565775617099	7.0119418250779075
9.938871335E8	1.1864766187691456	9.819440123842021
1.0021351595E9	1.6552752137299276	12.464505023951675
1.0103831855E9	1.3677173180588906	12.31393193923387
1.0186312115E9	0.055907801454554096	2.374208542418945
1.0268792375E9	0.9816761004390626	8.81958128338655
1.0351272635E9	1.187513836644065	9.479428436793112
1.0433752895E9	2.3071379745893137	14.314817537076156
1.0516233155E9	1.047933529792462	9.354694082327265
1.0598713415E9	0.8235799693162946	7.354950203629223
1.065244947E9	2.4529496615896784	13.793521884065179
1.067430919E9	0.0023035532067927585	0.1373157051587061
1.0703053395E9	1.5657968536269355	10.057227759470425
1.0763673935E9	3.9006060359169576	20.915815841054375
1.0846154195E9	1.9017889856312287	14.419114918692609
1.0928634455E9	0.5410179356854597	7.2023636554520145
1.1011114715E9	2.1036205511476322	13.565292387555884
1.1093594975E9	4.446859648599556	22.1644226153902
1.1176075235E9	2.3356542523023083	18.01184537533726
1.1258555495E9	1.8871579696766232	15.584930720875152
1.1341035755E9	2.0204140966577944	13.716388269168515
1.1423516015E9	1.9029472021547944	12.290926596795254
1.149050177E9	2.582515087514869	13.035450838552505
1.151717535E9	0.0	0.0
1.15195075E9	6.053290319364476E-4	0.023868838300649214
1.152147445E9	3.198549990670896E-4	0.01788449046148896
1.1534636805E9	0.5870353027080225	6.604366863810573
1.1588476535E9	0.9254327035341547	8.296201682359607
1.1670956795E9	0.45362744976798086	6.0695251719238685
1.1753437055E9	0.8391292655963984	8.518184636538306
1.1835917315E9	0.8142919287596814	8.36445298312138
1.1918397575E9	0.31146337317559375	4.825634755497206
1.2000877835E9	0.894352539625845	8.925566615879212
1.2083358095E9	0.6648937576093965	7.427870293163483
1.2165838355E9	0.5242586529188924	6.479279857357753
1.2248318615E9	0.41076434531122963	5.558434803603877
1.23076644E9	0.5538197872432674	6.159967262921428
1.234890453E9	2.8901315028761188	12.92888152953888
1.2413279135E9	3.8635136455680428	17.160847904245593
1.2495759395E9	2.793678875406067	14.402787904161029
1.2578239655E9	0.209825357000572	4.911290016294097
1.2660719915E9	2.229755216581519	14.001164329754477
1.2743200175E9	3.8619124139521386	19.116427221655133
1.2825680435E9	3.6657245018383793	17.74464763127217
1.288943339E9	3.971782306307627	19.292191282294777
1.291282149E9	0.0	0.0
1.2913856925E9	0.0	0.0
1.2914655495E9	0.0	0.0
1.2915628205E9	0.0	0.0
1.2916163385E9	0.0	0.0
1.2916575315E9	0.0012319355602937693	0.035098939589306245
1.291766658E9	0.0028458956050510385	0.08805559282030564
1.291875052E9	0.0	0.0
1.291916283E9	1.489872234340916	9.9241786007887
1.293438612E9	0.4124063709543411	5.42142255777579
1.2990640955E9	0.6068648425696039	6.11426489528658
1.3073121215E9	0.4036643434441162	5.030968015796531
1.3155601475E9	1.6930282470011613	10.889456766094753
1.3238081735E9	1.0318066407647115	8.714614972428846
1.3320561995E9	1.3881137135115724	10.981167155648201
1.3403042255E9	0.6993519419070696	7.721984701233629
1.3485522515E9	0.7307097480051591	7.709310747591167
1.3568002775E9	1.1089233957312938	9.668681601324744
1.3650483035E9	1.8088480807407736	12.91018686508301
1.3732963295E9	0.6382142830296607	8.925752647833917
1.3815443555E9	0.9080867349351227	11.32395920735352
1.3897923815E9	1.691441564320966	14.77820254483704
1.3980404075E9	0.9039573832575213	10.220813796564917
1.4062884335E9	0.7058679252465984	7.374563345103295
1.4145364595E9	0.44632630886469077	5.74235774619372
1.4227844855E9	0.8137047579626931	8.421213299391141
1.4310325115E9	0.7057986965608498	7.8469933609163425
1.4392805375E9	0.5128515598762662	7.995112254391138
1.4475285635E9	0.9984361106524156	9.301723727873807
1.4557765895E9	1.3814676384385791	11.241321237219214
1.4640246155E9	1.5776322722552039	11.906922684498348
1.4722726415E9	2.9165796761552403	19.42618834956673
1.4805206675E9	1.561432153584385	13.899262753864972
1.4887686935E9	0.9679240826835415	9.067885619099984
1.4970167195E9	1.5430897041304186	11.162785868064644
1.5052647455E9	0.849191794497253	8.06580457141006
1.5135127715E9	2.0155142575932716	13.685918238711595
1.5217607975E9	1.922036618216286	13.818454527800089
1.5300077405E9	1.596147036209686	12.018870614307051
1.5341317535E9	0.0	0.0
1.5382568495E9	1.5278642429109706	11.431316530904736
1.5465048755E9	0.55873611455638	7.397344885542552
1.5547529015E9	0.83808950165773	8.469102757634342
1.5630009275E9	0.7715721313196636	8.05718208875489
1.5712489535E9	1.9788305710966478	12.694652242635842
1.5794969795E9	1.885226598461256	12.80753436407116
1.5877450055E9	0.9247579966406507	9.300285135604883
1.595221928E9	1.630177014917939	10.100559663991028
1.599345941E9	0.0	0.0
1.6042410575E9	0.098009511609202	2.5467295255832623
1.6124890835E9	0.40835819382722605	8.100913838200677
1.6207371095E9	0.23093246796263736	5.943526323423998
1.6289851355E9	1.3813421538680892	12.864607583576774
1.6372331615E9	1.1542479376277426	9.457420418935666
1.6433209975E9	1.6537368693614445	9.538269731222092
1.6474450105E9	0.0	0.0
1.6537292135E9	4.225253412149768E-4	0.04416065659224209
1.6619772395E9	1.1109476376529366	9.832069369820223
1.6702252655E9	1.3207101917476982	10.865086865581805
1.6784732915E9	1.3468728153863725	8.87346620536537
1.6867213175E9	1.535608277665468	9.085267181845008
1.6934743095E9	1.1985810841395081	8.098103412277707
1.6961786655E9	3.8473274340979346E-4	0.01961460535952211
1.696274814E9	0.0015405724189394123	0.03925012635571269
1.6963854715E9	0.6653872683176468	10.840817752861835
1.6965578825E9	0.39192971826719175	3.155740382926805
1.696661813E9	0.0	0.0
1.6967741785E9	0.0	0.0
1.6969170575E9	4.71888903869489E-4	0.021723004024984414
1.697018664E9	0.0	0.0
1.697105344E9	0.0	0.0
1.697223072E9	0.0	0.0
1.697380707E9	0.0	0.0
1.6982754815E9	0.31293351673544245	3.569070352630583
1.7032173695E9	0.6612349427608497	6.802871317682526
1.7114653955E9	1.1003430396557916	8.031667196687009
1.7197134215E9	0.3524809451376608	4.828092249843014
1.7279614475E9	0.5203989415164307	5.568702657541382
1.7362094735E9	1.2415740445047094	9.452997722342563
1.7444574995E9	2.6805581117227324	13.316886432452636
1.7527055255E9	1.785100822912052	10.490383793148442
1.7609535515E9	0.37915763117138573	4.875683442362386
1.7692015775E9	0.3366089049670794	4.425557659044641
1.7774496035E9	0.16544419234371957	3.905888146692645
1.7856976295E9	0.17773101103221547	4.077153421086047
1.7939456555E9	0.6551075372458817	8.132114952261507
1.8021936815E9	0.8560765933570045	8.739579954047748
1.8104417075E9	1.100982586621332	9.90950215739973
1.8186897335E9	1.8116576014673087	13.334576134916087
1.8269377595E9	1.569415882054688	10.907141554627499
1.8351857855E9	1.0669315300412487	9.26057253085689
1.8434338115E9	0.9221583443117177	8.815966072384782
1.8516818375E9	1.0002332679358674	9.724301432968794
1.8599298635E9	0.5019348872081635	6.1776525553832276
1.8681778895E9	0.9271334741185345	9.37790773158727
1.8764259155E9	0.5287724602226036	6.302900902388939
1.8846739415E9	1.6600214402815898	12.0520389812426
1.89227556E9	1.214000409189599	9.631168607019863
1.895830864E9	2.5740522661312637E-4	0.016043853234591943
1.8964772715E9	2.068901670274253	10.735414390442443
1.9011699935E9	1.4602812842733521	10.438424549860247
1.9094180195E9	0.6635271275817995	8.068109127097847
1.9176660455E9	0.6829710527100666	8.036277755841894
1.9259140715E9	0.17851422873788225	3.7042163312304366
1.9341620975E9	1.115635425979501	10.220325863807748
1.9424101235E9	0.7379580277753731	7.7357672969361175
1.9506581495E9	0.8091496074333422	8.026033652564168
1.9589061755E9	0.1252094743639266	3.013292627507457
1.9671542015E9	1.1686317429164264	10.448994692902088
1.9754022275E9	1.3092823664716866	10.49935993990143
1.9836502535E9	0.9454564037504246	8.70691064105391
1.9918982795E9	0.6073649622346001	6.996403167892432
2.0001463055E9	0.7790032427152873	8.175664466371634
2.0083943315E9	0.8999999515035476	9.388984003269979
2.0166423575E9	1.0061384384578806	9.69717069218778
2.0248903835E9	0.5237281017300381	7.52757004817969
2.0331384095E9	0.4331870437847795	5.99743951790582
2.0413864355E9	0.6875402672106029	7.810534966329054
2.0496344615E9	1.0158705852770105	9.320350899164259
2.0578824875E9	0.5815242337984871	7.465487582270639
2.0661305135E9	0.5599441611847489	6.760121115059958
2.0743785395E9	0.24899206185819492	4.9385315578676785
2.082312835E9	1.1548305145353395	10.364208472285192
2.086227972E9	2.8611075347266925E-4	0.016914808703401563
2.0865417025E9	1.3424902813152302	12.084713642309381
2.0908745915E9	0.5795798897821127	6.471951991477677
2.0991226175E9	0.6684196921784679	7.05177262115834
2.1073706435E9	0.1187805421563899	3.1872856591265593
2.1156186695E9	0.35507514161570297	5.635100365850902
2.1238666955E9	1.4741786701448323	10.956980292881692
2.1321147215E9	0.3216288357965894	4.880432071661773
2.1403627475E9	0.766163685710981	7.776450955529634
2.1486107735E9	0.7712795764707823	8.069377533887515
2.1568587995E9	0.7782687639442456	8.510535896545692
2.1651068255E9	1.3856263304698604	11.001317437454865
2.1733548515E9	0.5239452445954947	6.519047030198789
2.1816028775E9	0.7404580198946996	7.5051876859458595
2.1898509035E9	0.24074451268703567	4.4319702714734515
2.1980989295E9	0.7026369703490265	7.516101292486226
2.2063469555E9	0.5357600715613651	6.434157931940308
2.2145949815E9	0.769671797833809	8.120479996961533
2.2228430075E9	1.9271109232681856	13.550496360755531
2.2310910335E9	2.120721491421099	14.248393274596099
2.2393390595E9	1.5091041177610254	11.723848709220855
2.2475870855E9	0.7275403836020885	8.17789811631433
2.2558351115E9	0.740553921629248	7.410761183320393
2.263915105E9	1.7256553716581768	12.057814628294791
2.26791743E9	0.0	0.0
2.2680854625E9	0.20819637104726843	5.242628993804731
2.2723311635E9	0.8363368398693215	7.922622828164698
2.2805791895E9	0.7017350575762007	7.791156455045467
2.2888272155E9	0.6119860679391651	6.735667322715858
2.2970752415E9	1.6123390008712388	11.058488568951491
2.3053232675E9	1.742971348538426	11.253594211237543
2.3135712935E9	3.307214356501786	23.510800901033427
2.3218193195E9	2.1734398024448516	19.278150940449343
2.3300673455E9	0.22862173324865853	4.88614717317769
2.3383153715E9	0.6550043610434788	7.207948089594778
2.3465633975E9	0.6187035540382633	7.599598890572385
2.3548114235E9	0.9368330070734501	7.821802872892871
2.3630594495E9	0.20624377275241373	3.6784735062633565
2.3713074755E9	0.4671993032029724	5.501976442942125
2.3795555015E9	0.8159821513656722	7.463875518060645
2.3878035275E9	1.0684568647092043	11.05778148018859
2.3960515535E9	0.7755710275404079	7.611351356060035
2.4042995795E9	1.155046310474773	10.158463285710873
2.4125476055E9	0.814159048480206	8.66287764293932
2.4207956315E9	1.1780166551366351	10.512470544107018
2.4290436575E9	0.9013601557512064	8.379869845373614
2.435968712E9	0.7306464399045854	6.890925788418167
2.440092725E9	1.4153366115596595	9.156321905171596
2.4455397095E9	0.9024022232713621	8.491424314707345
2.4537877355E9	0.6013846222114236	6.930155146257491
2.4620357615E9	0.9581116742357505	8.787882061825789
2.4702837875E9	0.865785219396738	8.787943027903314
2.4785318135E9	0.8177641535077605	8.632155318091312
2.4867798395E9	1.139169905623479	9.794077418040297
2.4950278655E9	0.21401993640660202	4.109467035530609
2.5032758915E9	0.18931038772186218	3.3302011429482485
2.5115239175E9	0.6768099421607061	7.106345557790792
2.5197719435E9	0.8440109184912851	9.260707019353097
2.5280199695E9	1.2217623950263978	10.867711211229402
2.5362679955E9	2.5598144331746773	16.633884082801984
2.5445160215E9	1.4123366002968467	11.770304035993421
2.5527640475E9	0.7639877711345721	8.927618763527153
2.5610120735E9	0.715509262458678	8.307832533879976
2.5692600995E9	1.1867428642926199	9.39469940160582
2.5775081255E9	1.4267999397674063	10.837202274194942
2.5857561515E9	1.402434109688791	10.784687539475811
2.5939979455E9	0.9669429967256636	8.652161686541104
2.5981219585E9	0.0	0.0
2.6022522035E9	0.28596599962221264	4.07434913238039
2.6105002295E9	0.3734635414582835	5.017401405188331
2.6187482555E9	1.244256019561529	9.038441175663253
2.6269962815E9	0.967316058412037	8.270971452263783
2.6352443075E9	0.7249263035785775	7.209860551284752
2.6434923335E9	0.9488019315167048	10.00856276548398
2.6517403595E9	0.6970368425123781	8.224642136183423
2.6599883855E9	0.5345605118121597	7.165678981042578
2.6682364115E9	1.230645005241254	11.190204962708966
2.6764844375E9	0.6148231104024163	8.675240210320634
2.6847324635E9	0.5122899709578995	6.294060195496989
2.6929804895E9	1.052806817049316	9.839559244946438
2.7012285155E9	1.045398620227434	9.642469380841927
2.7094765415E9	0.5447053634409009	6.938701899232524
2.7177245675E9	0.9714825098756963	10.004883418789527
2.7259725935E9	0.5257393708506738	6.428776515642407
2.7342206195E9	0.6571037724662847	7.770373553393095
2.7407994975E9	2.9854275082336503	15.850170060383784
2.7449235105E9	0.49007577518590323	4.887951461189834
2.7507166715E9	0.49961918160781743	5.6157798239290715
2.7589646975E9	0.5800932247303779	5.959266706821573
2.7672127235E9	0.26343806384703444	3.5018195382766937
2.7754607495E9	1.5795206028690987	11.653356752082958
2.7837087755E9	0.24779832168327307	4.191916498873499
2.7919568015E9	0.0	0.0
2.8002048275E9	0.0	0.0
2.8084528535E9	0.11874610967521199	2.9953409450496946
2.8167008795E9	0.9525263378170729	8.956443558910186
2.8249489055E9	0.4568438557298437	5.777467710032046
2.8331969315E9	0.9683495178118983	9.121202104129631
2.8414449575E9	1.2253540422884215	9.785175044100196
2.8496929835E9	0.9832928509197231	9.254955241998108
2.8579410095E9	1.2909291265570695	10.342073521939184
2.8661890355E9	1.5648287238667773	12.89276889257767
2.8744370615E9	2.59044782351559	13.612402857322301
2.880105077E9	3.093237867166666	13.500291708019695
2.8816691105E9	0.0	0.0
2.8817081685E9	0.0	0.0
2.881815618E9	4.241002007407617E-4	0.02059369322731505
2.8819235655E9	0.0	0.0
2.8821203125E9	1.2342711401519	5.825072301026376
2.88242567E9	0.014500275099406488	0.4964845138082641
2.8826085695E9	0.0	0.0
2.882755976E9	0.0	0.0
2.882939838E9	2.4445266637067733	10.631848048165338
2.8830861915E9	5.457802807704865	15.30299060263267
2.8833246155E9	0.3913552294178624	4.026012383317084
2.8835330345E9	0.0	0.0
2.8840139925E9	0.22252752676990714	2.3893448294762725
2.884682622E9	0.31112943813571864	2.670515647960399
2.8849783395E9	0.4782553637975325	3.6681464900091085
2.8851293765E9	5.57839107457428E-4	0.02361861781428854
2.88523294E9	0.28847320383145003	2.0161892207478456
2.885380196E9	0.4568809390721073	3.459843581377923
2.8855523165E9	0.7809909133116668	5.6058702260142725
2.8856843195E9	0.11774182300020922	2.288073731411773
2.885822535E9	0.0	0.0
2.885958065E9	0.0	0.0
2.886082272E9	0.0	0.0
2.886192519E9	4.1780579296814686E-4	0.020440298260254102
2.886295634E9	1.1337237727684097	5.246722012326307
2.88640561E9	2.3349674126359825	9.279240039852654
2.8865546035E9	1.091171640848386	5.584297768476425
2.8867224755E9	0.010174652489819158	0.20399651036675873
2.8868061825E9	0.0	0.0
2.886892758E9	0.2175776230463497	2.029802163600468
2.887031009E9	0.0	0.0
2.8871976565E9	0.0	0.0
2.887400046E9	0.5037000957541609	5.6658888481318
2.887577206E9	0.8866564161037496	5.063814278090086
2.8877881565E9	0.0	0.0
2.8879687995E9	0.2933099775288851	3.6184505456909344
2.8881279725E9	0.5201498207605985	3.677159091868032
2.888311843E9	0.2472403326992101	2.3541079898560056
2.8884852595E9	0.0	0.0
2.8886875845E9	0.026842712239949874	0.7834944727922799
2.888985801E9	0.0	0.0
2.889229866E9	0.0	0.0
2.8895790755E9	0.6052779653387351	6.406368447704339
2.889951796E9	0.0	0.0
2.8901135465E9	1.499094423104974	8.294121942268056
2.8902557705E9	0.0	0.0
2.8904186985E9	0.0	0.0
2.8906437185E9	0.0	0.0
2.8908288345E9	0.2161635060569544	2.6250092492596186
2.890981424E9	0.8810229944761873	4.632794263021988
2.8911688005E9	1.0163302846047724	4.955935823079146
2.8913080195E9	0.0	0.0
2.8914628095E9	0.0	0.0
2.8916585145E9	0.5581800945563267	4.4958898112347185
2.8925472575E9	0.37154975299579396	3.1270719660771022
2.893404342E9	0.0	0.0
2.8935413165E9	3.0108622646316327E-4	0.017351836400311158
2.8937144E9	0.0	0.0
2.8938670755E9	0.031465138143329394	0.4374744101332404
2.894495074E9	0.36957757504859423	2.9944400583274047
2.896831261E9	0.42022011296212325	2.9265799291530614
2.8986932995E9	0.0	0.0
2.8988572775E9	0.0	0.0
2.8989957195E9	0.0	0.0
2.8994933275E9	0.39574602518150903	3.3516837051831296
2.89996607E9	0.0	0.0
2.900096484E9	0.0	0.0
2.9002881635E9	0.7662552648631136	4.50104778826986
2.9005228225E9	0.5252849710429682	4.12243761735171
2.9007376895E9	0.022462520259319288	0.33190367371025936
2.9009214585E9	0.2675655816705314	2.3625973324250835
2.9011053345E9	0.5450033509098037	5.682204779740783
2.901244009E9	1.5695946569561094	6.2424541427717655
2.9018593855E9	2.397650170479592	12.26958573672297
2.902550898E9	0.23564126650826103	2.774335393783311
2.9027498425E9	0.0	0.0
2.9029180535E9	0.19213955083147607	3.0181146024101104
2.9030958505E9	0.04509429556474321	0.5111694214619483
2.903236903E9	0.0	0.0
2.903378271E9	0.10642997326258061	1.4739544880281406
2.9035976075E9	0.06841838898083684	1.3853159378190731
2.9042365785E9	0.41729020421996416	3.4021753495818268
2.9048794465E9	0.023278819571661728	0.7886020639090914
2.9053418075E9	0.5675316897574348	3.869753748649171
2.9057249595E9	0.0	0.0
2.905983073E9	0.0	0.0
2.906237048E9	0.5272700041187703	3.184402630726319
2.9063221355E9	0.05788755458515284	0.6798126186726385
2.906419947E9	0.6926463835756024	5.903930339263168
2.906652359E9	3.810126830608061	11.634389536322063
2.9068714015E9	1.656445661050785	11.56104434240982
2.9070190175E9	0.0	0.0
2.907136287E9	0.7343433355229138	4.701668517955558
2.9072577055E9	0.6108730427472181	5.821986898845003
2.9073733645E9	0.0	0.0
2.9076229215E9	0.35064748725750544	4.4250522437070146
2.9079320895E9	0.545321164381269	4.782611172980609
2.9081124645E9	0.0	0.0
2.9083581135E9	0.5463425026307125	4.350227671905523
2.908607172E9	1.3514961633433342	7.13722891889667
2.908806396E9	3.165528498617542	10.021237080126637
2.9090000085E9	0.10001581099089739	0.8544758466518892
2.909237002E9	1.2728270937536839	6.7106108226922565
2.909487479E9	1.3829235662234942	8.837536360164234
2.909666712E9	0.0	0.0
2.9098444145E9	1.746455188608842	9.679186618644321
2.910040618E9	0.3924057907412922	3.8476707652825657
2.910170176E9	0.0	0.0
2.910297114E9	0.0	0.0
2.910473855E9	0.6815489531596469	5.417302804532573
2.910761647E9	0.7592114061493469	5.025767668822598
2.9109858275E9	0.05467697680219506	0.5411479534361252
2.9110662745E9	6.042846263368763E-4	0.024582201413560916
2.911245746E9	0.3589584234417714	3.282555913178511
2.9114494045E9	0.25005024293938927	2.650953936703071
2.911543586E9	0.0	0.0
2.9116129135E9	0.0	0.0
2.9117490855E9	0.748675379724479	4.692449368219352
2.9118852715E9	3.8412860466283956	11.377987967384415
2.91203718E9	0.0	0.0
2.91216737E9	1.2845216339516967	5.236204320356147
2.9122334675E9	0.0	0.0
2.9123573765E9	0.0	0.0
2.9125433715E9	0.08434550153627722	1.0056549259065513
2.9126854405E9	0.0	0.0
2.9128219235E9	0.0	0.0
2.913059947E9	0.18515670564622547	1.9996570395358912
2.913232047E9	0.16279132137205996	1.0528196480182406
2.9134117735E9	0.8653644394504696	5.483373461297064
2.914328412E9	1.0442244150165012	6.952037361824777
2.915174319E9	0.21247571982756236	1.9984720482285292
2.915940367E9	0.3698457813530187	3.4157150671107925
2.916855563E9	0.02225474374685542	0.44928196449516405
2.9172265895E9	0.0030716126726831753	0.11688709933995318
2.9175218075E9	0.471974635135713	2.9974264680236615
2.917833762E9	0.0	0.0
2.918104484E9	0.48491121481971444	4.832991087049021
2.918421329E9	0.2126948116252929	1.907956111300641
2.9188311555E9	0.17700287783141477	2.4238466312134945
2.919113692E9	0.8113985081189033	4.157029460605904
2.9192127795E9	0.1486511831452596	1.311070294500047
2.919361199E9	1.4117634427996582	5.751286123290887
2.919639416E9	0.7302805823652485	5.622444227296312
2.920969266E9	0.5709412560896836	4.91775762282874
2.9222335585E9	0.7581600523739751	4.622686030107487
2.9223746255E9	0.9218150593273262	5.156661170706906
2.922607307E9	0.08141265028973278	0.8849449833176631
2.922990831E9	0.29251041887586016	2.8135282474977026
2.9232848535E9	3.532106686732287	10.961157042903354
2.9248217345E9	1.2082150128915696	7.987692165129768
2.926399337E9	2.1487320722968675	10.22977054200567
2.926573575E9	0.32064823370530954	2.411106341620679
2.926675323E9	1.3290024107967646	6.064240044928428
2.9273955645E9	0.2261514290172657	2.513888869049891
2.9283065605E9	0.1458943768701667	1.7030572950763658
2.928675888E9	0.0	0.0
2.928905799E9	0.0	0.0
2.929078094E9	0.009718378492685932	0.20792213372355609
2.929177585E9	0.01767920282867245	0.3519764615384971
2.929312155E9	0.8690204056538919	5.097524207635932
2.929457484E9	0.0	0.0
2.929658268E9	0.08184769745127334	1.1655686713380329
2.929885578E9	0.0	0.0
2.9300671115E9	1.2608105790859299	9.487569250558675
2.9302185265E9	0.0	0.0
2.9303547775E9	0.0	0.0
2.930518526E9	0.27522297504810495	2.309509182430151
2.930682299E9	0.41163935499616067	2.9021712136877893
2.9307971655E9	1.6033952117147763	5.462962526731369
2.930854517E9	1.7285204553606828	5.657935451255963
2.93107383E9	0.09867576628973414	1.0484271781028425
2.9313517695E9	0.19409947010374687	2.1912755151749406
2.9315308925E9	0.08213845041058589	1.9836855337510462
2.9317028365E9	0.47257224246779245	4.300623366519783
2.9318023465E9	1.1820604319214014	4.369992533069834
2.9319408055E9	0.74142931699763	6.0672834424964535
2.9325515445E9	0.6254419286515557	3.2804603772646135
2.9331095955E9	0.0	0.0
2.9332331755E9	0.7908212235000927	4.54520516508984
2.933321893E9	0.47661990078587135	2.4255259668543006
2.93344294E9	1.7485839516335664	9.127436191123245
2.933566615E9	0.0	0.0
2.933681945E9	0.0	0.0
2.9338372665E9	0.2226546212647672	3.2244667071498383
2.934009815E9	0.0	0.0
2.93414774E9	1.1273893882362396	5.716900071906055
2.934243411E9	2.6395118648715816	12.2518012501405
2.9343431015E9	1.337154742901369	4.8309633449074525
2.9345144045E9	1.4004362981601606	7.841243454793009
2.9347374925E9	0.018296807722455465	0.46520488673998944
2.934982691E9	1.2003583934765811	6.392453772807182
2.9352665915E9	0.41104275864161477	3.066727730908315
2.93544909E9	0.6137805804738925	4.186904989625448
2.9355482175E9	0.0937951384589988	1.4745407971645206
2.935678085E9	0.5189452801100662	2.57523292752595
2.935901925E9	0.0	0.0
2.9361164625E9	0.5952595592416404	5.786748385250033
2.936242911E9	0.027739187237213754	0.23544080467400555
2.9363673145E9	0.001441662622398584	0.03796923257584467
2.936522572E9	0.0338910439615256	0.31396579774069594
2.936686298E9	0.011499302783136902	0.147912016967816
2.936850338E9	0.011489413952182989	0.12289376913769692
2.937037971E9	0.015476965711739678	0.18214504483003835
2.9372448465E9	0.023860208484478215	0.3254791126833755
2.9374273685E9	0.011688912892523724	0.13209763530508592
2.9375904835E9	0.016567270852616903	0.14510247493922487
2.937768082E9	0.009642328684708318	0.13553104162806112
2.9379456715E9	0.014178579798453246	0.15388873777434192
2.9381121175E9	0.4884225581338002	3.6642690006939853
2.9383003025E9	0.008489059479449753	0.26484801825280674
2.9384879905E9	0.013013435224354601	0.33863995803256214
2.9386500475E9	0.3734161673705923	2.3200960101929216
2.938920769E9	0.008841702615527266	0.2683853307349053
2.9396822515E9	0.17688204834247626	1.907819429957856
2.940319939E9	0.19120016493963668	2.5524410454833095
2.94246535E9	1.0023666633412383	5.080279658214754
2.9448629825E9	1.406474661630469	5.651292118845702
2.945276117E9	0.021391635100513964	0.3882754816166115
2.945440031E9	5.184033177812338E-4	0.022768472012439346
2.945667854E9	0.3808721410035552	5.088295563421627
2.945880553E9	1.7882973639081257	5.120159380982586
2.946041221E9	0.1634851485148515	2.113036331754084
2.946434708E9	0.5642204319392539	4.256871817125479
2.9468190745E9	0.06984275704741731	1.3780250620120529
2.9494979735E9	0.26530830504974023	2.7336316086710166
2.952147541E9	0.02921123140261834	0.44201046890710394
2.952294951E9	0.3616700297264782	2.3339650908164575
2.9525364005E9	0.10665438919582566	2.011835758325613
2.9527433355E9	0.20187350970818668	1.966625706269269
2.9527903395E9	0.0	0.0
2.9535019345E9	0.44615495338867045	4.053157818350712
2.954297591E9	0.0	0.0
2.9544634765E9	0.2743833618667174	2.287031197576339
2.9549070915E9	0.424128193880908	2.2819663888511754
2.955308858E9	0.3836082850310081	1.9403923168710264
2.955482869E9	0.0	0.0
2.9557224705E9	0.020687739407585018	0.19669828447015583
2.9559104E9	0.011636832390941317	0.14345147597781785
2.9560879905E9	0.021786728522187777	0.256058840438139
2.9562757145E9	0.052694152892129136	0.5132940331434271
2.956432736E9	0.013053260878394295	0.13340520031156655
2.956579642E9	0.03763891248440255	0.33552490527002804
2.956763995E9	0.054104694325900864	0.4932513420582468
2.9570041095E9	0.04363909518680197	0.43098679483859503
2.957239189E9	0.05443903477266076	0.5276558827225754
2.9574278325E9	0.06800561916430775	0.48144080272136314
2.9576057785E9	0.5286057403626756	3.3455149495123813
2.957966948E9	0.016012983110800846	0.46678102253842807
2.959643091E9	0.72106074514203	4.250112053502561
2.9619454965E9	1.3232401936821057	5.27756206589351
2.9629642995E9	0.5095733638052704	5.05601554953592
2.9631882465E9	1.5141712257332627	5.556419230779769
2.9638297045E9	0.2010506396668621	1.3768107472895401
2.964449908E9	0.527219865646809	2.7133954962358255
2.964631061E9	0.04463408215764515	0.4597924026773654
2.964824549E9	0.018000428344448705	0.19353355139286715
2.9650100095E9	0.015092742788631075	0.18086651757933936
2.9652029495E9	0.010985852817384532	0.14407371665102722
2.965396084E9	0.011475515577264757	0.14084508281090818
2.965570043E9	0.018119189766660465	0.1937686730235023
2.9657404625E9	0.34570348346364205	2.0773369270034263
2.967555776E9	0.7886191875850298	4.252807498469169
2.9698945975E9	0.7613364681934515	4.190714013622937
2.971045755E9	0.19142347649520397	1.3140685490006236
2.971690351E9	0.5262755192524994	3.9531064090119643
2.974202933E9	0.8962186397857581	4.4175542411221995
2.977077113E9	0.14712882666501548	1.1215148847539593
2.977610308E9	0.456628017799963	2.1709649311778447
2.9777653145E9	0.2899920813790583	1.8192087892462159
2.9801505935E9	0.9789131961962387	4.915939373586976
2.982955129E9	0.1920577091663068	1.2456812315342993
2.983539274E9	0.253455469877481	1.554128234746506
2.984703745E9	0.6248149269530608	4.290843566487347
2.9871683795E9	1.085123867742325	6.125676511054994
2.9890448965E9	0.629341505419917	3.3275188540777245
2.9895768225E9	0.3731368563685637	3.0312952317018853
2.990013438E9	0.5042606270849577	2.6447764177093362
2.9909450775E9	0.6023500187476566	3.265364162250665
2.991486762E9	0.041644034039471305	0.21863235953675872
2.9914961835E9	0.0	0.0
2.991498403E9	0.0	0.0
2.9915004565E9	0.0	0.0
2.9915021635E9	0.0	0.0
2.9915136375E9	0.0	0.0
2.9915265835E9	0.0	0.0
2.991529392E9	0.0	0.0
2.9915307145E9	0.0	0.0
2.9915325745E9	0.0	0.0
2.9915342115E9	0.0	0.0
2.99154091E9	0.0	0.0
2.9915659545E9	0.0	0.0
2.991585389E9	0.0	0.0
2.9915873015E9	0.0	0.0
2.991589869E9	0.0	0.0
2.991591628E9	0.0	0.0
2.991593215E9	0.0	0.0
2.991595448E9	0.0	0.0
2.9915976785E9	0.0	0.0
2.99159977E9	0.0	0.0
2.991601514E9	0.0	0.0
2.991602727E9	0.0	0.0
2.9916041595E9	0.0	0.0
2.991605782E9	0.0	0.0
2.991802493E9	6.631621099777841E-4	0.025751934101689994
2.99199914E9	0.0	0.0
2.9920006435E9	0.0	0.0
2.9920034905E9	0.0	0.0
2.992051942E9	0.0	0.0
2.992154686E9	0.0047464557130794185	0.0690234213928059
2.992212966E9	0.0	0.0
2.992216201E9	0.0	0.0
2.9922185675E9	0.0	0.0
2.9922208195E9	0.0	0.0
2.992222888E9	0.0	0.0
2.9922245135E9	0.0	0.0
2.992236508E9	0.0	0.0
2.9923169155E9	0.0	0.0
2.9923888155E9	0.0	0.0
2.992395716E9	0.0	0.0
2.99240296E9	0.0	0.0
2.992408817E9	0.0	0.0
2.99241312E9	0.0	0.0
2.992415696E9	0.0	0.0
2.992418137E9	0.0	0.0
2.9924207125E9	0.0	0.0
2.992422293E9	0.0	0.0
2.992468444E9	0.0	0.0
2.9925146995E9	0.0	0.0
2.9925161E9	0.0	0.0
2.9925175995E9	0.0	0.0
2.992519784E9	0.0	0.0
2.992522045E9	0.0	0.0
2.9925263445E9	0.0	0.0
2.992545384E9	0.0	0.0
2.9925831375E9	0.0014165579889373566	0.037637188908543055
2.992607717E9	0.0	0.0
2.992612316E9	0.0	0.0
2.9926178245E9	0.0	0.0
2.9926241555E9	0.0	0.0
2.992628755E9	0.0	0.0
2.9926331735E9	0.0	0.0
2.9926368975E9	0.0	0.0
2.9926382435E9	0.0	0.0
2.9926394475E9	0.0	0.0
2.992641481E9	0.0	0.0
2.9926433545E9	0.0	0.0
2.9926445925E9	0.0	0.0
2.9926460205E9	0.0	0.0
2.9926472475E9	0.0	0.0
2.992648321E9	0.0	0.0
2.992649783E9	0.0	0.0
2.992652112E9	0.0	0.0
2.9926553045E9	0.0	0.0
2.9926612295E9	0.0	0.0
2.9926659135E9	0.0	0.0
2.99266696E9	0.0	0.0
2.9926681315E9	0.0	0.0
2.992669974E9	0.0	0.0
2.992671936E9	0.0	0.0
2.992673276E9	0.0	0.0
2.9926747875E9	0.0	0.0
2.9926763355E9	0.0	0.0
2.9926774285E9	0.0	0.0
2.9926788075E9	0.0	0.0
2.9926804435E9	0.0	0.0
2.9926820605E9	0.0	0.0
2.9926835895E9	0.0	0.0
2.9926850725E9	0.0	0.0
2.992686387E9	0.0	0.0
2.9926878375E9	0.0	0.0
2.9926892975E9	0.0	0.0
2.9926919E9	0.0	0.0
2.9926945755E9	0.0	0.0
2.9926964715E9	0.0	0.0
2.9926986245E9	0.0	0.0
2.992700175E9	0.0	0.0
2.9927020895E9	0.0	0.0
2.992704681E9	0.0	0.0
2.9927100795E9	0.0	0.0
2.9927178965E9	0.0	0.0
2.9928131655E9	0.0	0.0
2.9929942125E9	0.0022489090280025446	0.05877311990745867
2.9931647125E9	0.031637433406261975	0.5122870694805449
2.99333546E9	3.060775878860056E-4	0.017495073246088615
2.9935040225E9	0.0	0.0
2.9935902425E9	0.0	0.0
2.993679866E9	0.0	0.0
2.9938673145E9	0.0	0.0
2.994003041E9	0.0	0.0
2.994087277E9	0.4806690379561095	5.541514875982987
2.994162061E9	0.0	0.0
2.9942162495E9	0.3337544746262371	3.9732129569727253
2.99434886E9	2.8178227287594033E-4	0.01678637164118382
2.994494888E9	0.0	0.0
2.994620928E9	0.0	0.0
2.9947747325E9	4.971447766207592E-4	0.02229674363266437
2.9949245285E9	4.975388411988696E-4	0.022305578701277168
2.995013772E9	0.0	0.0
2.9950591165E9	0.0	0.0
2.995110684E9	0.0	0.0
2.995149141E9	0.0	0.0
2.9952072975E9	0.003769317753486619	0.061394769756768525
2.995282718E9	9.964772424246677E-4	0.031567027773052495
2.9953872025E9	0.0	0.0
2.995549431E9	4.176952859338435E-4	0.020437594915592282
2.9957311045E9	7.813915564413843E-4	0.027953381842656968
2.995899982E9	0.0	0.0
2.99913101E9	0.45204763312722024	8.15245867590313
3.0064054775E9	0.5373940382826146	6.458435276080413
3.0146535035E9	0.9446563335275616	8.105239590424375
3.0229015295E9	0.5748306322021778	7.042504170771461
3.0311495555E9	0.4560691249033405	6.630752300783673
3.0393975815E9	0.700292894324048	7.124473948016492
3.0476456075E9	1.5561559820495232	10.664950991312894
3.0558936335E9	0.09343241643515672	2.594113356631319
3.0641416595E9	1.1037404586261004	9.3584737745319
3.0723896855E9	0.8358946734648993	8.897355287172827
3.0806377115E9	0.32663476085065685	4.817606235932795
3.0888857375E9	0.07387525209062144	2.22967511275136
3.0971337635E9	0.7560207739403343	7.511723684768884
3.1053817895E9	0.8580297879759351	7.789340067103178
3.1136298155E9	0.6272146814280168	6.2863545830177605
3.1218778415E9	0.4713194405546248	5.881242351840201
3.1301258675E9	0.9309903969749853	9.120238545888352
3.1383738935E9	0.3425617232535397	6.04691759924394
3.1466219195E9	1.4017442476539235	10.497175559118489
3.1513836915E9	1.321449795298851	11.030142374665097
3.1555077045E9	2.891355592564397E-4	0.023091927329596345
3.1631179715E9	7.424806856816407E-4	0.03259317089540992
3.1713659975E9	3.951248456297301E-4	0.022606002892549177
3.1796140235E9	5.455850890867706E-6	0.0023357762929843485
3.1878620495E9	0.0	0.0
3.1961100755E9	0.0	0.0
3.2043581015E9	0.0	0.0
3.20886549E9	9.129430545248718E-5	0.009554805359215183
3.2092674855E9	0.0	0.0
3.209519677E9	0.006918652318454948	0.3169772657633819
3.209892578E9	0.007973903588256614	0.26157320709589565
3.2101846785E9	1.240618311066891	5.813737165896892
3.2105124185E9	1.6237762117860879	9.646516977344316
3.2107704875E9	1.1771058965102286	6.974989271025913
3.2109366555E9	1.0642967207588963	6.471487185036629
3.2111129705E9	0.058130556479028817	0.7186526668724337
3.211276395E9	0.0	0.0
3.211417082E9	0.0	0.0
3.2117631015E9	0.16865449529962614	2.396863157600258
3.2120996225E9	0.7397518480274049	7.186158656433419
3.2123906835E9	0.38929797870028254	4.979674182746464
3.212785749E9	0.3935902990931155	3.556727658591762
3.213056867E9	0.8508611955420466	5.232403800126617
3.213403592E9	0.0491599912726366	1.2183509586665595
3.2137350435E9	0.0	0.0
3.2140934165E9	1.4131862422629549	8.552390427426934
3.214431141E9	0.22370886499811202	2.5662432198239724
3.214684071E9	1.6821851769772285	9.342081700086018
3.214970895E9	0.14825917972221822	2.1859582659100467
3.2152807965E9	0.3444664694136338	3.7183446527348347
3.2157122075E9	1.477341034825165	6.8548416010967
3.216124641E9	0.32527247865260545	2.9268206775001864
3.2165191445E9	0.08435907808180916	1.5683107661775049
3.2167284695E9	0.0	0.0
3.216816394E9	0.1751233283287055	3.308451521889638
3.2169855065E9	0.0	0.0
3.217221355E9	0.002166815369682233	0.06732748937965688
3.2174198055E9	1.079430720837641	6.671850048614993
3.217547141E9	0.0	0.0
3.2177472715E9	0.7348760316601272	5.17538228103364
3.218075865E9	1.1652487074344804	7.71394411033978
3.2184014195E9	0.017623267399776075	0.4384239483284808
3.21861934E9	0.017117235537250433	0.36038691509685555
3.218790037E9	0.0	0.0
3.218927574E9	0.04050702078555149	0.8611665173913277
3.219178228E9	4.251548088045696E-4	0.02829516210234915
3.219695868E9	1.3892675084947976	7.346680983387594
3.2201537955E9	1.822105800754543	10.624464811990673
3.220316351E9	0.13001275587681468	2.195924836958349
3.2205178835E9	2.0888542478565862E-4	0.014452869084913854
3.2208124235E9	0.0	0.0
3.2210694465E9	0.9872820654739618	5.984750980474926
3.221262018E9	2.4303685799737496	10.270631642138747
3.221402796E9	0.5329383869583266	3.797195025706791
3.221707994E9	1.0821433071303337	6.656968881141443
3.2222369555E9	1.2776992008900105	10.651400767622427
3.2228721145E9	0.6265106616793651	5.962423704205948
3.2233024115E9	0.3325311784451904	4.480034603216518
3.224185272E9	0.2887616196101751	3.6676053870620025
3.227369036E9	0.45146420580462465	4.969194412432782
3.2298928435E9	1.542072244204065E-4	0.012418020148977311
3.2301042805E9	3.503229340501153E-4	0.01871691571947994
3.2302653395E9	5.198225532945736	14.563145218098008
3.2304298405E9	0.0	0.0
3.230578831E9	0.0	0.0
3.2308109625E9	2.31880217104227	9.54351201254239
3.2311861265E9	0.0	0.0
3.231488962E9	0.0	0.0
3.231720614E9	0.9590744320493022	7.159001481344104
3.231991785E9	0.46522519798143985	4.927831243261397
3.2321666995E9	0.0	0.0
3.232216515E9	0.0	0.0
3.2323221585E9	2.1274195186351172	7.3882322259108095
3.2325224045E9	1.1988091495047948	6.6817461642280005
3.232694619E9	0.17027619838582594	2.408400558638457
3.2328560365E9	1.0369810615636577	8.103587613294085
3.233001453E9	6.387738231917337	16.366432000924103
3.233110552E9	0.2133585796218545	2.040341653611795
3.233195703E9	0.009724659308942422	0.1405734729381332
3.233719122E9	0.7380852637141823	5.220907741745471
3.2344825705E9	0.7731157515738266	6.016976176342829
3.234858778E9	0.0	0.0
3.2350518705E9	0.0	0.0
3.2352970795E9	0.0	0.0
3.235487229E9	0.6112785790474424	4.244886385709786
3.23556284E9	2.0390255740584515	9.066830328241815
3.2357844895E9	0.060594339146667564	1.2707117061454145
3.2360469455E9	0.0	0.0
3.236148746E9	0.0	0.0
3.2362408545E9	0.0	0.0
3.2363769755E9	0.14694687398769032	1.5864592436141718
3.2365418755E9	0.36639685924777043	2.5503641522407166
3.2369905015E9	4.844346476932607	17.17919161137532
3.2374218665E9	0.15020547387047578	1.7540526057281582
3.239490992E9	0.2957940003322868	2.894822523672181
3.241990473E9	0.16226880346805694	1.8661279610908337
3.2436894095E9	0.0687661603034459	1.3214330725117087
3.2449015995E9	1.3570218245899417	7.031132959202406
3.245894665E9	0.7099576309664966	5.902511864509621
3.246991954E9	0.9673300606065138	7.415539793190725
3.24716499E9	1.010049739851671	4.644938722590481
3.2472888625E9	0.0	0.0
3.24751439E9	0.43157431744579117	3.073099920017806
3.247732711E9	6.436761179656547	22.88897011055677
3.2479482185E9	3.426436523677848	16.318311279645766
3.248209812E9	0.0	0.0
3.24843581E9	0.08763487257497525	1.4116600309506893
3.248742054E9	0.17280865614268495	2.1764085084345965
3.2489922825E9	0.0	0.0
3.249241512E9	2.324369926169679	9.56300220908277
3.2495832255E9	1.6656859853689063	8.10215987062016
3.249768684E9	3.9060498067377987	12.211176641865576
3.2498970865E9	0.022949379598111344	0.2607333777431755
3.2500641525E9	0.023636064533565208	0.21201747998365555
3.250233321E9	0.03384860614639775	0.34995710989570855
3.2504641475E9	0.019419328023112407	0.23469715292814203
3.2507314375E9	0.03732296791643505	0.3851356224562843
3.250931609E9	0.020422513105439934	0.21438666255994634
3.25110035E9	0.01580273517511518	0.17245974541437634
3.251272805E9	0.015643651065003927	0.15192624302547958
3.251406084E9	0.02346637287796084	0.29887866954940595
3.251536554E9	0.03970328067289487	0.38884792204349544
3.2517286605E9	0.006337453724038401	0.10262817994043158
3.251890496E9	0.015951786619991446	0.16693082868167028
3.252026404E9	0.008157045012641376	0.11972751665094963
3.252184881E9	0.019095208351922906	0.19931863260727026
3.252336209E9	0.07351320358041602	0.6543533115215167
3.2524929725E9	0.4611783191323565	2.4388184357078457
3.2526492185E9	0.4625601231321747	2.6035337021224834
3.252814558E9	0.4214902517324849	2.1753380768881994
3.252978446E9	0.512621955602606	2.553693881629607
3.2531275405E9	0.46767060249927667	2.222540904603578
3.25325064E9	0.9652602511951067	4.706220346711343
3.2533951605E9	2.3403757366864534E-4	0.015298286625261188
3.2535133475E9	0.0	0.0
3.2536423935E9	0.0	0.0
3.2537978295E9	0.0015126050420168067	0.03889222341312986
3.253870882E9	0.0	0.0
3.253946123E9	0.0	0.0
3.254096418E9	1.3693883514556835	6.562675998470466
3.254345392E9	0.22657444244515246	3.129612827724617
3.2545957105E9	0.18009931631538492	2.087662007866252
3.254776607E9	0.0	0.0
3.254944905E9	0.0	0.0
3.2550827185E9	1.4496371468488047	9.861724941893078
3.2552740765E9	3.4911494614581398	12.221988851493535
3.2555665205E9	0.03461493100601486	0.673696085089315
3.255809726E9	0.3867095000745169	2.868365276702037
3.256051128E9	0.5642112870768506	3.648617357796032
3.256279016E9	0.0	0.0
3.256596293E9	0.21280351362884173	2.785508253915648
3.256894877E9	0.012487901809803602	0.24352553451529538
3.2570348465E9	0.0	0.0
3.257231861E9	0.0	0.0
3.257389304E9	0.0	0.0
3.257504313E9	0.06309984586401782	1.1366415889495458
3.257685022E9	0.0	0.0
3.257881507E9	0.0	0.0
3.257999374E9	0.38763378975037366	2.5558546537606284
3.2581168145E9	0.05715611804793009	0.96301765999374
3.2582318895E9	0.0	0.0
3.258321402E9	0.0	0.0
3.2585547095E9	6.772882667870735E-4	0.030486700000703755
3.258863297E9	0.0	0.0
3.2590463295E9	1.4180154742318467	6.467386035257279
3.25912794E9	0.0	0.0
3.259291952E9	0.21376281112737922	2.153176692783956
3.2594320355E9	0.0	0.0
3.259672221E9	0.013724192956350297	0.3582949545735597
3.2600461745E9	0.4384558140805069	4.456523076343237
3.2603277075E9	1.1240069302019087	5.40124534300736
3.2605482325E9	2.0594577833941776	8.004491127968667
3.260742234E9	1.0799953932972475	4.593071207921897
3.260933481E9	0.21091893917869167	3.4417671870149675
3.261038819E9	0.0	0.0
3.261157713E9	2.5648492969963277	11.496855242953597
3.2614027625E9	0.8655466985697386	5.402001387568258
3.2617565025E9	0.0011368293682546499	0.04024748280778375
3.261965113E9	0.0	0.0
3.2620482395E9	0.0	0.0
3.2621604085E9	0.7431874483897605	3.1210600755754854
3.262392697E9	0.0	0.0
3.2627244025E9	0.0	0.0
3.263054774E9	1.7906006077954176E-4	0.013381332548724053
3.264735664E9	0.04962659323871559	1.0250384048267212
3.2674858885E9	0.316696934029246	6.1631319335229975
3.2689381125E9	1.181336388058408	5.970581893919524
3.269171626E9	0.0	0.0
3.269355991E9	2.0292249609731075	8.798842771932494
3.2695604285E9	4.989188444470226	13.262000587021108
3.26965773E9	1.469970896904489	5.635195486251458
3.26993266E9	2.4263785953991057	12.163512513714805
3.270438985E9	0.00576725025746653	0.22864956610415274
3.2709049115E9	4.89853722888294E-4	0.022132639311394697
3.271341747E9	0.0	0.0
3.271578546E9	0.0	0.0
3.271593411E9	0.0	0.0
3.2716165405E9	0.41118512350818764	3.7284629947313097
3.2716650485E9	0.0	0.0
3.2719007085E9	0.46608025242602846	5.034283941558215
3.2721096115E9	0.0	0.0
3.2729032935E9	0.7197081934982571	5.689280052536145
3.2739480185E9	0.759255675704964	6.472225733027876
3.2743123675E9	4.683330659544953	25.511985793368716
3.2744423285E9	0.4811411186129866	4.698920439490064
3.274567552E9	2.185573375350071	15.18015434794042
3.275092502E9	0.5958467905140299	4.3944132326424965
3.2756214355E9	1.0474038379287731	7.89681514232132
3.275894228E9	0.47611730551767967	3.528188723760794
3.27618417E9	3.7265706405148635	13.950509843560939
3.276393725E9	5.046305588209995E-4	0.022463983591985627
3.2767256195E9	3.803115626353687	22.52730954371831
3.277112807E9	2.3626193542500817	19.587925829700886
3.2774711835E9	0.44918732137977035	3.7094663408474977
3.278164618E9	0.540597872235723	4.828001230296765
3.278892452E9	0.17604343752559526	2.062431402431927
3.279410368E9	0.9615881147349561	6.49599881190116
3.279738184E9	1.5659780197871758	5.589749948930863
3.2799490295E9	0.5523978626663569	3.6730461648568062
3.2803376225E9	0.2539106826147988	2.1091370895456163
3.2808102315E9	0.521958401336339	4.881567576951444
3.281147748E9	0.330213767252821	3.710933234409399
3.2814049345E9	0.7695427656941448	5.789110519789448
3.2816159575E9	0.0	0.0
3.282193494E9	0.16211053182798651	1.9222163662354896
3.2832442865E9	0.19111858368337428	1.9278516882751253
3.283878427E9	0.30262709627888007	3.122201056952071
3.284133872E9	0.34914789163098997	4.161344248716803
3.2845392805E9	5.095567463783512	15.894915231769199
3.2848106465E9	0.0	0.0
3.2850194105E9	0.7926854732621996	7.698657867735134
3.285443183E9	0.0	0.0
3.2858902635E9	0.19453907442570462	2.342038565919298
3.2861802865E9	0.0038189777913800217	0.09292979228855056
3.28630889E9	3.6822693045227073	14.816989996424269
3.286466028E9	0.6569771086603238	3.162874616763434
3.2865893585E9	0.9485874268261644	5.470120601435393
3.2868938375E9	0.0	0.0
3.28734903E9	0.06685313618046648	1.1172905009683967
3.2877605135E9	2.2016340072576464	10.231544145121585
3.2880997695E9	1.4973199091010996	7.456161430375899
3.2883004E9	2.0605466368128624	7.062089745688172
3.288620315E9	0.43798165264206096	2.9736487889550003
3.2888990915E9	1.1836182591548379	8.131171694770574
3.2891327555E9	1.17682802969188	7.159158094900392
3.2894356555E9	0.7168120247785171	6.007708663209897
3.289618521E9	4.931134430871366	15.986029347431698
3.290032112E9	2.8338949276615764	14.734980795045768
3.290495438E9	2.0872862205708627	13.628303500473171
3.290779908E9	0.17702975614701877	2.1200194689793377
3.291357195E9	0.616410495402341	5.18770009422044
3.291795873E9	4.080134526591803	9.50134652055694
3.292007229E9	1.7969295247420125	8.047193683826096
3.292443998E9	1.4922874952881953	8.296200884067105
3.292899688E9	0.8636489208478727	5.88621697553684
3.293172412E9	1.6473706469535192	9.235624678639754
3.2933761555E9	1.537777058728361	6.029845558365821
3.2935874075E9	1.428186925053031	6.456485127900038
3.293753565E9	0.0020457671281161665	0.05783688882959772
3.2939389925E9	1.3895811041447432	6.0214998629690655
3.294096681E9	1.5044893566936812	6.32692363418151
3.2943081635E9	6.70160956872427	18.927612944608004
3.2945439495E9	1.6282633618250155	9.300257145619561
3.294749721E9	0.752039455658051	4.9274854898164655
3.295064449E9	1.2310341240993896	6.75629298334129
3.2954106905E9	1.9655859504917566	8.853776971190339
3.2960894555E9	0.20266110750819474	2.326680152623768
3.296694698E9	1.3047963438354937	5.298526505328184
3.2968400715E9	0.9658452098178939	4.9375654580384944
3.297055838E9	2.188533493901535	7.815929198259644
3.2972554895E9	0.7647289638133992	7.628246638710047
3.297360178E9	1.6472714079406974	8.448374466366179
3.297577521E9	0.013698536986729862	0.3046797876181554
3.2980344385E9	0.7626509562444733	6.104648777673117
3.298777168E9	2.333255943160961E-4	0.018428041042874918
