#Position (bp)	insert size
4124013.5	219.6316146642337
1.23720395E7	220.86611047248854
2.06200655E7	219.14042637975692
2.88680915E7	221.43136655123064
3.71161175E7	226.3600868136036
4.53641435E7	225.0570512887432
5.36121695E7	218.69184938445426
6.18601955E7	220.05090134925902
7.01082215E7	220.49536589729826
7.83562475E7	226.49585138617508
8.66042735E7	224.18406384870633
9.48522995E7	224.14973134328358
1.031003255E8	223.18853737551493
1.113483515E8	224.91876916988227
1.195963775E8	222.15573240925644
1.278444035E8	0.0
1.360924295E8	0.0
1.443404555E8	228.8860492379836
1.525884815E8	225.58024454348075
1.608365075E8	223.17737462805152
1.690845335E8	219.24180992539735
1.773325595E8	221.5223441367348
1.855805855E8	221.57920963521624
1.938286115E8	231.7994410095706
2.020766375E8	222.26759668710758
2.103246635E8	224.11001068756678
2.185726895E8	229.0421971765973
2.268207155E8	224.19041611557637
2.350687415E8	226.6887007959218
2.433167675E8	227.62290479026632
2.481986015E8	241.94912534103676
2.523226145E8	220.55462938363442
2.598128195E8	219.21457475507597
2.680608455E8	221.83484114654726
2.763088715E8	225.11613746243304
2.845568975E8	228.49080889912406
2.928049235E8	230.14998770592575
3.010529495E8	224.1313969571231
3.093009755E8	228.42456381240976
3.175490015E8	219.83113839285716
3.257970275E8	223.64763504668818
3.340450535E8	219.9166944475312
3.422930795E8	222.9776428689117
3.505411055E8	221.94600185984305
3.587891315E8	218.8059763870024
3.670371575E8	220.61237856785178
3.752851835E8	224.8885077186964
3.810815205E8	214.42768886510677
3.852055335E8	225.1153418864679
3.917812355E8	234.0564177817573
4.000292615E8	217.20688731312626
4.082772875E8	221.7033923928161
4.165253135E8	225.34441775192818
4.247733395E8	219.39113201564317
4.330213655E8	224.90233028945553
4.412693915E8	235.40351727405877
4.495174175E8	229.3741237147817
4.577654435E8	223.74005151086445
4.660134695E8	229.69830188679245
4.742614955E8	227.68878758151075
4.825095215E8	225.7876735523197
4.907575475E8	225.89710957291896
4.990055735E8	223.8760614167733
5.072535995E8	224.8210759590402
5.146090395E8	223.28298213467704
5.178906245E8	222.9755600814664
5.187832105E8	224.7386088360826
5.237496515E8	221.63233449190713
5.319976775E8	222.45371371119768
5.402457035E8	217.085522875817
5.484937295E8	217.429852535154
5.567417555E8	222.26770508089697
5.649897815E8	225.64304272659916
5.732378075E8	228.25469680644508
5.814858335E8	221.1451887853179
5.897338595E8	221.32534814323608
5.979818855E8	218.77726889678672
6.062299115E8	223.05991384936692
6.144779375E8	219.640155752517
6.227259635E8	218.6411868970924
6.309739895E8	214.28143359864674
6.392220155E8	217.36996863114595
6.4728106E8	222.7394841212402
6.51405073E8	0.0
6.557180675E8	0.0
6.639660935E8	0.0
6.722141195E8	233.43585353923555
6.804621455E8	229.48041159256113
6.887101715E8	228.5383224219626
6.969581975E8	226.63323759584728
7.052062235E8	231.62836693438234
7.134542495E8	233.5635150812065
7.217022755E8	232.61756619881348
7.299503015E8	226.40326227390182
7.381983275E8	251.82558139534885
7.464463535E8	222.08712070727265
7.546943795E8	239.65645521866705
7.62199406E8	222.51655020228026
7.66323419E8	0.0
7.711904315E8	0.0
7.794384575E8	0.0
7.876864835E8	231.24408121380927
7.959345095E8	228.81948347383914
8.041825355E8	225.1352855978999
8.124305615E8	230.9883756396787
8.206785875E8	225.6058631921824
8.289266135E8	228.7828174352495
8.371746395E8	225.6314877926141
8.454226655E8	221.76004542962326
8.536706915E8	220.07916642412246
8.619187175E8	219.651028374118
8.69333434E8	224.2904951502289
8.72724992E8	0.0
8.72931433E8	0.0
8.731340445E8	0.0
8.73326804E8	180.25
8.73441596E8	0.0
8.73480431E8	0.0
8.735866135E8	0.0
8.73694888E8	225.75233644859813
8.74003757E8	0.0
8.784147695E8	0.0
8.866627955E8	0.0
8.949108215E8	226.0813765567069
9.031588475E8	224.58436076119003
9.114068735E8	225.31759068163186
9.196548995E8	224.2378439604103
9.279029255E8	224.2521212121212
9.361509515E8	220.558214093316
9.443989775E8	221.42754800057745
9.526470035E8	220.69446690928697
9.608950295E8	222.62658363399726
9.691430555E8	221.79855715871255
9.744875075E8	223.12156774664496
9.759320705E8	218.10526315789474
9.788356445E8	227.26271691296577
9.856391075E8	218.75723526150435
9.938871335E8	220.93529027516942
1.0021351595E9	223.5177620921083
1.0103831855E9	227.8431604800641
1.0186312115E9	223.96409807355516
1.0268792375E9	222.16095162804487
1.0351272635E9	215.8421414836555
1.0433752895E9	226.79711230391544
1.0516233155E9	224.15857925509874
1.0598713415E9	217.52476054615855
1.065244947E9	225.64943669184484
1.067430919E9	200.04761904761904
1.0703053395E9	227.0734703211264
1.0763673935E9	226.14634491151938
1.0846154195E9	219.25099717257396
1.0928634455E9	225.15081660807263
1.1011114715E9	226.3097692289994
1.1093594975E9	222.8355304423056
1.1176075235E9	217.60146772041466
1.1258555495E9	219.97902886735375
1.1341035755E9	221.13441808560424
1.1423516015E9	222.01239627986263
1.149050177E9	219.67291268889778
1.151717535E9	0.0
1.15195075E9	0.0
1.152147445E9	0.0
1.1534636805E9	220.59878131347327
1.1588476535E9	220.4874528499581
1.1670956795E9	220.5771517326335
1.1753437055E9	221.2963124021569
1.1835917315E9	224.85842535236557
1.1918397575E9	215.84855338064415
1.2000877835E9	219.19189087183912
1.2083358095E9	221.0612528323953
1.2165838355E9	223.84590757238308
1.2248318615E9	228.47781065088756
1.23076644E9	221.68420533070088
1.234890453E9	220.33037162606496
1.2413279135E9	225.85807071960298
1.2495759395E9	221.18793564769842
1.2578239655E9	211.6792017533741
1.2660719915E9	229.26808266980694
1.2743200175E9	225.89649078202416
1.2825680435E9	225.41523978755234
1.288943339E9	235.71367449758145
1.291282149E9	0.0
1.2913856925E9	0.0
1.2914655495E9	0.0
1.2915628205E9	0.0
1.2916163385E9	0.0
1.2916575315E9	0.0
1.291766658E9	193.0
1.291875052E9	0.0
1.291916283E9	201.78056426332287
1.293438612E9	222.34831460674158
1.2990640955E9	222.28849988037322
1.3073121215E9	226.99386503067484
1.3155601475E9	229.4203507568286
1.3238081735E9	218.5521805571882
1.3320561995E9	221.76992639327025
1.3403042255E9	223.13242199728685
1.3485522515E9	222.47599547210015
1.3568002775E9	226.07480929455474
1.3650483035E9	227.18386033288397
1.3732963295E9	214.6924419487024
1.3815443555E9	220.41350312349832
1.3897923815E9	220.33583516452157
1.3980404075E9	222.53426607229176
1.4062884335E9	221.2093238972104
1.4145364595E9	218.0793323940609
1.4227844855E9	223.0274560909872
1.4310325115E9	221.4891785368552
1.4392805375E9	228.89213632901752
1.4475285635E9	221.48011703035476
1.4557765895E9	224.7113613826321
1.4640246155E9	220.0712824692801
1.4722726415E9	240.96929215384228
1.4805206675E9	230.0899020961466
1.4887686935E9	224.07118003025718
1.4970167195E9	223.15180220717093
1.5052647455E9	218.37645036527718
1.5135127715E9	224.11673848430954
1.5217607975E9	219.3287814201466
1.5300077405E9	217.20100562851783
1.5341317535E9	0.0
1.5382568495E9	223.27753054581478
1.5465048755E9	223.34387919404674
1.5547529015E9	221.5164073509534
1.5630009275E9	217.77507239156833
1.5712489535E9	220.17671492421297
1.5794969795E9	222.5998774588019
1.5877450055E9	225.22669309202806
1.595221928E9	223.00330691396633
1.599345941E9	0.0
1.6042410575E9	220.45489535722876
1.6124890835E9	223.66965781287388
1.6207371095E9	207.0760412284392
1.6289851355E9	224.9881450610258
1.6372331615E9	221.7176746229316
1.6433209975E9	216.79836165048545
1.6474450105E9	0.0
1.6537292135E9	208.0
1.6619772395E9	218.55208557068602
1.6702252655E9	222.9791235146626
1.6784732915E9	223.08481983589013
1.6867213175E9	219.51919660943003
1.6934743095E9	230.03093877805875
1.6961786655E9	0.0
1.696274814E9	0.0
1.6963854715E9	212.99845679012347
1.6965578825E9	208.55454545454546
1.696661813E9	0.0
1.6967741785E9	0.0
1.6969170575E9	0.0
1.697018664E9	0.0
1.697105344E9	0.0
1.697223072E9	0.0
1.697380707E9	0.0
1.6982754815E9	220.65685119748724
1.7032173695E9	225.56652548561414
1.7114653955E9	221.75912584579675
1.7197134215E9	225.08224958494742
1.7279614475E9	222.6380454078296
1.7362094735E9	229.55488862471498
1.7444574995E9	232.8548007896626
1.7527055255E9	224.94407552171384
1.7609535515E9	223.91707068129625
1.7692015775E9	225.82992410552944
1.7774496035E9	216.93437316068275
1.7856976295E9	229.65637012630424
1.7939456555E9	229.42072852131074
1.8021936815E9	222.14472559411865
1.8104417075E9	221.88824101069
1.8186897335E9	225.19737160039736
1.8269377595E9	221.06987403294522
1.8351857855E9	222.63732811219379
1.8434338115E9	219.87922437673132
1.8516818375E9	230.7768677635588
1.8599298635E9	224.83743746660838
1.8681778895E9	222.23181818181817
1.8764259155E9	220.25023028739867
1.8846739415E9	225.50922074522236
1.89227556E9	219.933568252767
1.895830864E9	0.0
1.8964772715E9	220.51340448777208
1.9011699935E9	219.5346422410252
1.9094180195E9	228.85934001394853
1.9176660455E9	221.0412829356754
1.9259140715E9	222.57272481040087
1.9341620975E9	228.20197033574345
1.9424101235E9	219.21993864018737
1.9506581495E9	222.43200288965144
1.9589061755E9	220.40572652902222
1.9671542015E9	222.11916871638803
1.9754022275E9	222.1727340267459
1.9836502535E9	224.48486721788632
1.9918982795E9	219.46674931019314
2.0001463055E9	222.78821028942926
2.0083943315E9	227.0815075921909
2.0166423575E9	226.45537274315666
2.0248903835E9	233.92592938103456
2.0331384095E9	227.24275769144398
2.0413864355E9	224.13982945901
2.0496344615E9	226.25479235143112
2.0578824875E9	225.5387292933529
2.0661305135E9	218.87694710808347
2.0743785395E9	222.65439953019478
2.082312835E9	231.14466240875913
2.086227972E9	0.0
2.0865417025E9	226.01126363956354
2.0908745915E9	220.13942287730953
2.0991226175E9	217.2461271174171
2.1073706435E9	224.82219031993438
2.1156186695E9	223.95620736698498
2.1238666955E9	222.72360453958905
2.1321147215E9	226.28674351585013
2.1403627475E9	220.8651867378049
2.1486107735E9	221.37133735815658
2.1568587995E9	225.75599775084342
2.1651068255E9	226.32792373702665
2.1733548515E9	230.44486425972573
2.1816028775E9	220.18306433056114
2.1898509035E9	219.68137205302034
2.1980989295E9	225.9667209761847
2.2063469555E9	223.66271301976823
2.2145949815E9	222.00779499479282
2.2228430075E9	225.01575296935948
2.2310910335E9	234.47555504822785
2.2393390595E9	222.64667786039817
2.2475870855E9	224.65524847107577
2.2558351115E9	216.30356387306753
2.263915105E9	227.99407708499675
2.26791743E9	0.0
2.2680854625E9	223.71653543307087
2.2723311635E9	222.16353437807206
2.2805791895E9	226.8286692725449
2.2888272155E9	218.72280993700227
2.2970752415E9	233.44327279828158
2.3053232675E9	218.75575521695924
2.3135712935E9	224.16619576406686
2.3218193195E9	222.93563239042797
2.3300673455E9	235.4719741796665
2.3383153715E9	222.6391380401206
2.3465633975E9	227.09007410911386
2.3548114235E9	229.11603375527426
2.3630594495E9	231.15015974440894
2.3713074755E9	227.46907404512532
2.3795555015E9	225.63288872974667
2.3878035275E9	219.96771030488222
2.3960515535E9	223.11396574440053
2.4042995795E9	226.61735712634257
2.4125476055E9	226.12763220866236
2.4207956315E9	224.80509156979744
2.4290436575E9	219.94580236645112
2.435968712E9	222.50744892512253
2.440092725E9	216.997959824231
2.4455397095E9	222.14021460602177
2.4537877355E9	219.26728465025906
2.4620357615E9	221.81558632210383
2.4702837875E9	217.00718579616944
2.4785318135E9	222.08766320277113
2.4867798395E9	222.48868375923612
2.4950278655E9	213.6419140051913
2.5032758915E9	222.45832801531589
2.5115239175E9	217.0784569314779
2.5197719435E9	226.94960657255265
2.5280199695E9	230.02757017772345
2.5362679955E9	225.2873827824028
2.5445160215E9	222.80382947976878
2.5527640475E9	226.80701194201419
2.5610120735E9	228.5226584045487
2.5692600995E9	218.94119918699187
2.5775081255E9	220.84531231419982
2.5857561515E9	227.211071599535
2.5939979455E9	222.38765055724923
2.5981219585E9	0.0
2.6022522035E9	221.15052311846102
2.6105002295E9	225.88474948347107
2.6187482555E9	221.35632228443015
2.6269962815E9	226.86692931168602
2.6352443075E9	224.98171199733022
2.6434923335E9	220.80155810983396
2.6517403595E9	228.26672021793036
2.6599883855E9	220.91357968508237
2.6682364115E9	222.00381483238456
2.6764844375E9	231.92223322114432
2.6847324635E9	220.2192047940645
2.6929804895E9	224.20026828873418
2.7012285155E9	224.47613609881145
2.7094765415E9	217.27074939564866
2.7177245675E9	221.84948871165338
2.7259725935E9	217.63502470104805
2.7342206195E9	216.151780781555
2.7407994975E9	227.41512519435955
2.7449235105E9	230.47249111628477
2.7507166715E9	230.16455263928188
2.7589646975E9	224.1969207534505
2.7672127235E9	236.62539330001852
2.7754607495E9	235.24864459215243
2.7837087755E9	227.25984175051283
2.7919568015E9	0.0
2.8002048275E9	0.0
2.8084528535E9	218.77496942519363
2.8167008795E9	223.62964380485815
2.8249489055E9	218.9589697195466
2.8331969315E9	223.97648114006677
2.8414449575E9	223.6167257039954
2.8496929835E9	223.90635187197472
2.8579410095E9	222.10786239407375
2.8661890355E9	224.36209782406547
2.8744370615E9	218.40158573027782
2.880105077E9	222.63683692711322
2.8816691105E9	0.0
2.8817081685E9	0.0
2.881815618E9	0.0
2.8819235655E9	0.0
2.8821203125E9	219.23973214285715
2.88242567E9	171.8421052631579
2.8826085695E9	0.0
2.882755976E9	0.0
2.882939838E9	220.77452285841102
2.8830861915E9	225.3091565474237
2.8833246155E9	207.79242636746142
2.8835330345E9	0.0
2.8840139925E9	217.02673267326733
2.884682622E9	225.52802359882006
2.8849783395E9	236.0530303030303
2.8851293765E9	0.0
2.88523294E9	208.2135922330097
2.885380196E9	209.75096525096524
2.8855523165E9	214.70464135021098
2.8856843195E9	225.01136363636363
2.885822535E9	0.0
2.885958065E9	0.0
2.886082272E9	0.0
2.886192519E9	0.0
2.886295634E9	216.25276752767527
2.88640561E9	220.74061196105703
2.8865546035E9	219.85378323108384
2.8867224755E9	271.625
2.8868061825E9	0.0
2.886892758E9	210.32967032967034
2.887031009E9	0.0
2.8871976565E9	0.0
2.887400046E9	226.69757174392936
2.887577206E9	227.0698576972833
2.8877881565E9	0.0
2.8879687995E9	219.9879518072289
2.8881279725E9	245.42990654205607
2.888311843E9	210.99514563106797
2.8884852595E9	0.0
2.8886875845E9	205.0625
2.888985801E9	0.0
2.889229866E9	0.0
2.8895790755E9	224.9524348810872
2.889951796E9	0.0
2.8901135465E9	213.38316993464053
2.8902557705E9	0.0
2.8904186985E9	0.0
2.8906437185E9	0.0
2.8908288345E9	204.55797101449275
2.890981424E9	202.84968944099379
2.8911688005E9	209.3049504950495
2.8913080195E9	0.0
2.8914628095E9	0.0
2.8916585145E9	230.51276595744682
2.8925472575E9	226.50353178607466
2.893404342E9	0.0
2.8935413165E9	0.0
2.8937144E9	0.0
2.8938670755E9	203.0
2.894495074E9	231.43188405797102
2.896831261E9	231.35943107802737
2.8986932995E9	0.0
2.8988572775E9	0.0
2.8989957195E9	0.0
2.8994933275E9	223.73067915690868
2.89996607E9	0.0
2.900096484E9	0.0
2.9002881635E9	220.69301712779975
2.9005228225E9	242.38008415147266
2.9007376895E9	215.9
2.9009214585E9	216.76923076923077
2.9011053345E9	233.64733178654294
2.901244009E9	211.82188841201716
2.9018593855E9	224.23112076715614
2.902550898E9	220.5648148148148
2.9027498425E9	0.0
2.9029180535E9	218.4264705882353
2.9030958505E9	261.97058823529414
2.903236903E9	0.0
2.903378271E9	212.32467532467533
2.9035976075E9	241.27722772277227
2.9042365785E9	215.2370441458733
2.9048794465E9	198.25714285714287
2.9053418075E9	213.83409350057013
2.9057249595E9	0.0
2.905983073E9	0.0
2.906237048E9	216.29329608938548
2.9063221355E9	205.6
2.906419947E9	213.74954954954956
2.906652359E9	229.57990944155625
2.9068714015E9	234.7247037374658
2.9070190175E9	0.0
2.907136287E9	205.69961977186313
2.9072577055E9	211.02656546489564
2.9073733645E9	0.0
2.9076229215E9	227.72586872586874
2.9079320895E9	243.1156186612576
2.9081124645E9	0.0
2.9083581135E9	226.02235294117648
2.908607172E9	213.34133126934984
2.908806396E9	227.05625549370055
2.9090000085E9	209.6153846153846
2.909237002E9	215.0841170323929
2.909487479E9	245.06025824964132
2.909666712E9	0.0
2.9098444145E9	244.0622478386167
2.910040618E9	253.59078590785907
2.910170176E9	0.0
2.910297114E9	0.0
2.910473855E9	213.39795918367346
2.910761647E9	243.06788511749346
2.9109858275E9	226.54545454545453
2.9110662745E9	0.0
2.911245746E9	198.64801864801865
2.9114494045E9	210.33649289099526
2.911543586E9	0.0
2.9116129135E9	0.0
2.9117490855E9	208.82661996497373
2.9118852715E9	220.15882606819162
2.91203718E9	0.0
2.91216737E9	225.56441717791412
2.9122334675E9	0.0
2.9123573765E9	0.0
2.9125433715E9	216.19736842105263
2.9126854405E9	0.0
2.9128219235E9	0.0
2.913059947E9	216.67719298245615
2.913232047E9	203.70967741935485
2.9134117735E9	207.64859002169197
2.914328412E9	222.43802175562863
2.915174319E9	208.80102040816325
2.915940367E9	215.05485398579322
2.916855563E9	245.16981132075472
2.9172265895E9	176.0
2.9175218075E9	216.23846153846154
2.917833762E9	0.0
2.918104484E9	227.49322033898306
2.918421329E9	209.2983293556086
2.9188311555E9	207.73629242819842
2.919113692E9	216.20825852782764
2.9192127795E9	255.44897959183675
2.919361199E9	216.91059798697455
2.919639416E9	206.46943972835314
2.920969266E9	214.0933788598575
2.9222335585E9	207.6282225237449
2.9223746255E9	206.7391304347826
2.922607307E9	205.70700636942675
2.922990831E9	214.87435456110154
2.9232848535E9	232.86504111142614
2.9248217345E9	220.16283865055271
2.926399337E9	219.25624791736087
2.926573575E9	215.9
2.926675323E9	216.5822072072072
2.9273955645E9	215.17705570291778
2.9283065605E9	222.48533333333333
2.928675888E9	0.0
2.928905799E9	0.0
2.929078094E9	184.5
2.929177585E9	193.55555555555554
2.929312155E9	211.78002528445006
2.929457484E9	0.0
2.929658268E9	206.61344537815125
2.929885578E9	0.0
2.9300671115E9	254.65196078431373
2.9302185265E9	0.0
2.9303547775E9	0.0
2.930518526E9	236.0
2.930682299E9	221.32203389830508
2.9307971655E9	214.22485207100593
2.930854517E9	222.62076271186442
2.93107383E9	209.73684210526315
2.9313517695E9	202.53048780487805
2.9315308925E9	188.16883116883116
2.9317028365E9	215.6010781671159
2.9318023465E9	231.7624521072797
2.9319408055E9	229.60989643268124
2.9325515445E9	220.9358118843343
2.9331095955E9	0.0
2.9332331755E9	212.52542372881356
2.933321893E9	198.86896551724138
2.93344294E9	215.07231149567366
2.933566615E9	0.0
2.933681945E9	0.0
2.9338372665E9	200.84375
2.934009815E9	0.0
2.93414774E9	230.87028301886792
2.934243411E9	226.4856584093872
2.9343431015E9	205.5518453427065
2.9345144045E9	243.09316427783904
2.9347374925E9	226.72222222222223
2.934982691E9	225.00215517241378
2.9352665915E9	227.3038674033149
2.93544909E9	211.1069182389937
2.9355482175E9	209.2608695652174
2.935678085E9	245.2429245283019
2.935901925E9	0.0
2.9361164625E9	232.4532710280374
2.936242911E9	194.26666666666668
2.9363673145E9	286.0
2.936522572E9	210.72413793103448
2.936686298E9	200.22222222222223
2.936850338E9	238.7
2.937037971E9	227.3125
2.9372448465E9	204.68
2.9374273685E9	225.22222222222223
2.9375904835E9	224.21428571428572
2.937768082E9	218.11111111111111
2.9379456715E9	206.5
2.9381121175E9	232.7449494949495
2.9383003025E9	191.11111111111111
2.9384879905E9	195.8181818181818
2.9386500475E9	227.72964169381106
2.938920769E9	195.88235294117646
2.9396822515E9	224.01592039800994
2.940319939E9	209.3153846153846
2.94246535E9	232.27333333333334
2.9448629825E9	234.65217391304347
2.945276117E9	231.0
2.945440031E9	0.0
2.945667854E9	223.86482084690553
2.945880553E9	222.2034764826176
2.946041221E9	189.91525423728814
2.946434708E9	240.7655172413793
2.9468190745E9	229.30882352941177
2.9494979735E9	223.7202042304887
2.952147541E9	197.76190476190476
2.952294951E9	208.8972602739726
2.9525364005E9	211.35632183908046
2.9527433355E9	235.0222222222222
2.9527903395E9	0.0
2.9535019345E9	220.5113530326594
2.954297591E9	0.0
2.9544634765E9	248.49099099099098
2.9549070915E9	218.4505424377792
2.955308858E9	223.97260273972603
2.955482869E9	0.0
2.9557224705E9	202.1818181818182
2.9559104E9	211.1
2.9560879905E9	207.7
2.9562757145E9	218.5
2.956432736E9	231.75
2.956579642E9	199.1875
2.956763995E9	204.66666666666666
2.9570041095E9	216.9516129032258
2.957239189E9	225.77358490566039
2.9574278325E9	206.96969696969697
2.9576057785E9	218.99113082039912
2.957966948E9	206.27272727272728
2.959643091E9	232.13808726484783
2.9619454965E9	232.75128162725318
2.9629642995E9	223.92074198988195
2.9631882465E9	219.38311688311688
2.9638297045E9	221.82374768089053
2.964449908E9	243.76545842217485
2.964631061E9	211.71428571428572
2.964824549E9	216.0
2.9650100095E9	221.53846153846155
2.9652029495E9	218.33333333333334
2.965396084E9	240.4
2.965570043E9	202.25
2.9657404625E9	234.16783216783216
2.967555776E9	232.29698157016398
2.9698945975E9	235.25005379814934
2.971045755E9	220.32895970009372
2.971690351E9	236.35067437379575
2.974202933E9	233.49051937345425
2.977077113E9	220.11078717201167
2.977610308E9	219.31065088757396
2.9777653145E9	219.8125
2.9801505935E9	232.89128236690553
2.982955129E9	218.64765784114053
2.983539274E9	216.9383886255924
2.984703745E9	235.11756896297388
2.9871683795E9	229.34121376213432
2.9890448965E9	221.65345592897907
2.9895768225E9	225.27586206896552
2.990013438E9	218.4013671875
2.9909450775E9	222.89413930653575
2.991486762E9	0.0
2.9914961835E9	0.0
2.991498403E9	0.0
2.9915004565E9	0.0
2.9915021635E9	0.0
2.9915136375E9	0.0
2.9915265835E9	0.0
2.991529392E9	0.0
2.9915307145E9	0.0
2.9915325745E9	0.0
2.9915342115E9	0.0
2.99154091E9	0.0
2.9915659545E9	0.0
2.991585389E9	0.0
2.9915873015E9	0.0
2.991589869E9	0.0
2.991591628E9	0.0
2.991593215E9	0.0
2.991595448E9	0.0
2.9915976785E9	0.0
2.99159977E9	0.0
2.991601514E9	0.0
2.991602727E9	0.0
2.9916041595E9	0.0
2.991605782E9	0.0
2.991802493E9	0.0
2.99199914E9	0.0
2.9920006435E9	0.0
2.9920034905E9	0.0
2.992051942E9	0.0
2.992154686E9	0.0
2.992212966E9	0.0
2.992216201E9	0.0
2.9922185675E9	0.0
2.9922208195E9	0.0
2.992222888E9	0.0
2.9922245135E9	0.0
2.992236508E9	0.0
2.9923169155E9	0.0
2.9923888155E9	0.0
2.992395716E9	0.0
2.99240296E9	0.0
2.992408817E9	0.0
2.99241312E9	0.0
2.992415696E9	0.0
2.992418137E9	0.0
2.9924207125E9	0.0
2.992422293E9	0.0
2.992468444E9	0.0
2.9925146995E9	0.0
2.9925161E9	0.0
2.9925175995E9	0.0
2.992519784E9	0.0
2.992522045E9	0.0
2.9925263445E9	0.0
2.992545384E9	0.0
2.9925831375E9	0.0
2.992607717E9	0.0
2.992612316E9	0.0
2.9926178245E9	0.0
2.9926241555E9	0.0
2.992628755E9	0.0
2.9926331735E9	0.0
2.9926368975E9	0.0
2.9926382435E9	0.0
2.9926394475E9	0.0
2.992641481E9	0.0
2.9926433545E9	0.0
2.9926445925E9	0.0
2.9926460205E9	0.0
2.9926472475E9	0.0
2.992648321E9	0.0
2.992649783E9	0.0
2.992652112E9	0.0
2.9926553045E9	0.0
2.9926612295E9	0.0
2.9926659135E9	0.0
2.99266696E9	0.0
2.9926681315E9	0.0
2.992669974E9	0.0
2.992671936E9	0.0
2.992673276E9	0.0
2.9926747875E9	0.0
2.9926763355E9	0.0
2.9926774285E9	0.0
2.9926788075E9	0.0
2.9926804435E9	0.0
2.9926820605E9	0.0
2.9926835895E9	0.0
2.9926850725E9	0.0
2.992686387E9	0.0
2.9926878375E9	0.0
2.9926892975E9	0.0
2.9926919E9	0.0
2.9926945755E9	0.0
2.9926964715E9	0.0
2.9926986245E9	0.0
2.992700175E9	0.0
2.9927020895E9	0.0
2.992704681E9	0.0
2.9927100795E9	0.0
2.9927178965E9	0.0
2.9928131655E9	0.0
2.9929942125E9	244.5
2.9931647125E9	216.0344827586207
2.99333546E9	0.0
2.9935040225E9	0.0
2.9935902425E9	0.0
2.993679866E9	0.0
2.9938673145E9	0.0
2.994003041E9	0.0
2.994087277E9	208.4712643678161
2.994162061E9	0.0
2.9942162495E9	196.62962962962962
2.99434886E9	0.0
2.994494888E9	0.0
2.994620928E9	0.0
2.9947747325E9	0.0
2.9949245285E9	0.0
2.995013772E9	0.0
2.9950591165E9	0.0
2.995110684E9	0.0
2.995149141E9	0.0
2.9952072975E9	252.0
2.995282718E9	0.0
2.9953872025E9	0.0
2.995549431E9	0.0
2.9957311045E9	0.0
2.995899982E9	0.0
2.99913101E9	224.60530923863556
3.0064054775E9	230.91102287596445
3.0146535035E9	221.38604471858133
3.0229015295E9	237.14952477936185
3.0311495555E9	223.33616795110285
3.0393975815E9	232.05970355526378
3.0476456075E9	232.4103675719196
3.0558936335E9	234.9324993484493
3.0641416595E9	230.19666243265735
3.0723896855E9	241.86454194905352
3.0806377115E9	228.67146479713603
3.0888857375E9	238.42207578253706
3.0971337635E9	238.11801781522334
3.1053817895E9	229.32397518343296
3.1136298155E9	228.68550359014168
3.1218778415E9	227.16659810777458
3.1301258675E9	233.00104629871828
3.1383738935E9	237.4468523518545
3.1466219195E9	226.6300642019039
3.1513836915E9	227.08105842911877
3.1555077045E9	222.77777777777777
3.1631179715E9	206.82142857142858
3.1713659975E9	232.4
3.1796140235E9	0.0
3.1878620495E9	0.0
3.1961100755E9	0.0
3.2043581015E9	0.0
3.20886549E9	0.0
3.2092674855E9	0.0
3.209519677E9	168.25
3.209892578E9	204.1818181818182
3.2101846785E9	209.0248447204969
3.2105124185E9	226.59003831417624
3.2107704875E9	214.03752535496957
3.2109366555E9	220.68770764119603
3.2111129705E9	241.2
3.211276395E9	0.0
3.211417082E9	0.0
3.2117631015E9	209.35775862068965
3.2120996225E9	230.05543237250555
3.2123906835E9	223.96799116997792
3.212785749E9	225.56145675265554
3.213056867E9	215.84966592427617
3.213403592E9	237.10169491525423
3.2137350435E9	0.0
3.2140934165E9	245.60880064394956
3.214431141E9	221.9751552795031
3.214684071E9	211.27779568159846
3.214970895E9	205.5
3.2152807965E9	248.91702432045778
3.2157122075E9	235.1148730350665
3.216124641E9	218.90538336052202
3.2165191445E9	247.61016949152543
3.2167284695E9	0.0
3.216816394E9	203.91612903225806
3.2169855065E9	0.0
3.217221355E9	191.33333333333334
3.2174198055E9	235.74569789674953
3.217547141E9	0.0
3.2177472715E9	216.82790697674417
3.218075865E9	240.09922099220992
3.2184014195E9	205.71428571428572
3.21861934E9	196.77777777777777
3.218790037E9	0.0
3.218927574E9	212.64285714285714
3.219178228E9	0.0
3.219695868E9	224.66238686592297
3.2201537955E9	237.13509812870836
3.220316351E9	215.41509433962264
3.2205178835E9	0.0
3.2208124235E9	0.0
3.2210694465E9	222.45912469033857
3.221262018E9	250.65442504515352
3.221402796E9	215.73107049608356
3.221707994E9	226.97574552683898
3.2222369555E9	237.28079470198676
3.2228721145E9	227.739374124241
3.2233024115E9	220.42384105960264
3.224185272E9	222.26331745344305
3.227369036E9	225.68269848554382
3.2298928435E9	0.0
3.2301042805E9	0.0
3.2302653395E9	226.5873015873016
3.2304298405E9	0.0
3.230578831E9	0.0
3.2308109625E9	217.54031843862353
3.2311861265E9	0.0
3.231488962E9	0.0
3.231720614E9	235.70195195195194
3.231991785E9	214.94838709677418
3.2321666995E9	0.0
3.232216515E9	0.0
3.2323221585E9	221.95560747663552
3.2325224045E9	247.66226259289843
3.232694619E9	234.9075630252101
3.2328560365E9	256.5987055016181
3.233001453E9	231.01398002853068
3.233110552E9	216.8448275862069
3.233195703E9	244.33333333333334
3.233719122E9	214.0348488973591
3.2344825705E9	228.81835564053537
3.234858778E9	0.0
3.2350518705E9	0.0
3.2352970795E9	0.0
3.235487229E9	213.6
3.23556284E9	212.06992230854607
3.2357844895E9	203.5
3.2360469455E9	0.0
3.236148746E9	0.0
3.2362408545E9	0.0
3.2363769755E9	211.65934065934067
3.2365418755E9	207.83896103896103
3.2369905015E9	233.39078892774583
3.2374218665E9	243.453125
3.239490992E9	221.3259095545733
3.241990473E9	225.4595238095238
3.2436894095E9	227.45018450184503
3.2449015995E9	210.50735294117646
3.245894665E9	219.58698500509536
3.246991954E9	231.306625577812
3.24716499E9	221.1125
3.2472888625E9	0.0
3.24751439E9	212.23870967741937
3.247732711E9	232.86651008025055
3.2479482185E9	226.4910267111853
3.248209812E9	0.0
3.24843581E9	230.76666666666668
3.248742054E9	214.72651933701658
3.2489922825E9	0.0
3.249241512E9	215.80785209804736
3.2495832255E9	228.6279761904762
3.249768684E9	237.58305462653288
3.2498970865E9	208.6315789473684
3.2500641525E9	218.35
3.250233321E9	208.79310344827587
3.2504641475E9	203.75
3.2507314375E9	227.52173913043478
3.250931609E9	217.5
3.25110035E9	210.35714285714286
3.251272805E9	228.69230769230768
3.251406084E9	207.41666666666666
3.251536554E9	194.4375
3.2517286605E9	213.14285714285714
3.251890496E9	205.25
3.252026404E9	174.57142857142858
3.252184881E9	211.71428571428572
3.252336209E9	211.23728813559322
3.2524929725E9	253.55248618784532
3.2526492185E9	245.70441988950276
3.252814558E9	245.45528455284554
3.252978446E9	251.4785894206549
3.2531275405E9	241.57738095238096
3.25325064E9	229.08183632734531
3.2533951605E9	0.0
3.2535133475E9	0.0
3.2536423935E9	0.0
3.2537978295E9	0.0
3.253870882E9	0.0
3.253946123E9	0.0
3.254096418E9	212.48717948717947
3.254345392E9	205.58620689655172
3.2545957105E9	209.33898305084745
3.254776607E9	0.0
3.254944905E9	0.0
3.2550827185E9	216.3606998654105
3.2552740765E9	228.10305265314486
3.2555665205E9	217.07843137254903
3.255809726E9	222.16045845272205
3.256051128E9	221.24705882352941
3.256279016E9	0.0
3.256596293E9	220.43653846153848
3.256894877E9	225.0
3.2570348465E9	0.0
3.257231861E9	0.0
3.257389304E9	0.0
3.257504313E9	242.9375
3.257685022E9	0.0
3.257881507E9	0.0
3.257999374E9	209.4608695652174
3.2581168145E9	236.35
3.2582318895E9	0.0
3.258321402E9	0.0
3.2585547095E9	0.0
3.258863297E9	0.0
3.2590463295E9	215.0746500777605
3.25912794E9	0.0
3.259291952E9	216.9673913043478
3.2594320355E9	0.0
3.259672221E9	224.61290322580646
3.2600461745E9	227.47772657450076
3.2603277075E9	223.01793721973095
3.2605482325E9	216.03044227455484
3.260742234E9	221.01269035532994
3.260933481E9	240.7514450867052
3.261038819E9	0.0
3.261157713E9	224.00954653937947
3.2614027625E9	223.48741418764303
3.2617565025E9	240.5
3.261965113E9	0.0
3.2620482395E9	0.0
3.2621604085E9	215.904
3.262392697E9	0.0
3.2627244025E9	0.0
3.263054774E9	0.0
3.264735664E9	207.33561643835617
3.2674858885E9	222.65020879390812
3.2689381125E9	213.6386630532972
3.269171626E9	0.0
3.269355991E9	224.25100182149362
3.2695604285E9	234.22611919019104
3.26965773E9	223.54906542056074
3.26993266E9	224.98481384715873
3.270438985E9	215.25
3.2709049115E9	300.0
3.271341747E9	0.0
3.271578546E9	0.0
3.271593411E9	0.0
3.2716165405E9	205.01694915254237
3.2716650485E9	0.0
3.2719007085E9	241.88222698072806
3.2721096115E9	0.0
3.2729032935E9	216.3948467966574
3.2739480185E9	219.91253196930947
3.2743123675E9	223.94639298525308
3.2744423285E9	226.4695652173913
3.274567552E9	235.80593607305937
3.275092502E9	214.46618647458985
3.2756214355E9	237.90506329113924
3.275894228E9	240.90817610062894
3.27618417E9	255.27951699463327
3.276393725E9	0.0
3.2767256195E9	242.37757536326177
3.277112807E9	226.38149445417397
3.2774711835E9	214.2582253240279
3.278164618E9	221.58391337973706
3.278892452E9	214.29646017699116
3.279410368E9	212.49223602484471
3.279738184E9	227.23773987206823
3.2799490295E9	223.7125748502994
3.2803376225E9	213.84514003294893
3.2808102315E9	224.82453290008124
3.281147748E9	229.0441176470588
3.2814049345E9	220.6981450252951
3.2816159575E9	0.0
3.282193494E9	229.2526690391459
3.2832442865E9	230.45895153313552
3.283878427E9	214.01242236024845
3.284133872E9	218.2167300380228
3.2845392805E9	245.29150892374255
3.2848106465E9	0.0
3.2850194105E9	230.52094240837695
3.285443183E9	0.0
3.2858902635E9	238.22409638554217
3.2861802865E9	212.33333333333334
3.28630889E9	231.75846153846155
3.286466028E9	210.84308131241085
3.2865893585E9	238.44973544973544
3.2868938375E9	0.0
3.28734903E9	231.0677966101695
3.2877605135E9	225.4462528387585
3.2880997695E9	209.89317106152805
3.2883004E9	223.0518278574734
3.288620315E9	215.67523124357658
3.2888990915E9	251.35595567867037
3.2891327555E9	249.68218218218217
3.2894356555E9	215.05347593582889
3.289618521E9	233.52848344880678
3.290032112E9	237.04019953051642
3.290495438E9	227.87652011225444
3.290779908E9	212.59692307692308
3.291357195E9	221.44280442804427
3.291795873E9	226.7868047982552
3.292007229E9	218.72218543046358
3.292443998E9	230.94599346897763
3.292899688E9	220.23133867982727
3.293172412E9	222.05963938973647
3.2933761555E9	215.62683324280283
3.2935874075E9	225.04266088214027
3.293753565E9	256.0
3.2939389925E9	223.40540540540542
3.294096681E9	230.15261627906978
3.2943081635E9	251.86792111452868
3.2945439495E9	221.81156879929887
3.294749721E9	214.04309500489717
3.295064449E9	210.7746031746032
3.2954106905E9	226.3074119076549
3.2960894555E9	213.3489932885906
3.296694698E9	221.52569169960475
3.2968400715E9	223.67065868263472
3.297055838E9	231.1072298943948
3.2972554895E9	247.10526315789474
3.297360178E9	234.6159169550173
3.297577521E9	219.75
3.2980344385E9	219.59924306139612
3.298777168E9	156.0
